655640.6000000001
190135.77400000003
55139.37446000002
15990.418593400005
4637.221392086001
1344.7942037049406
389.9903190744328
113.0971925315855
2717036.85
9427874.719999999
3082983.2
1631129.4344000001
1924732.7325920002
2271184.6244585603
3452200.6291770115
5247344.956349058
7975964.3336505685
12123465.787148865
180095739.99909264
87880581.97096682
433518304.02529645
494286520.8165014
3313227.78
4704783.4476
6680792.495591999
9486725.343740638
13471149.988111706
19129032.983118623
51988021.97255744
84220595.59554306
136437364.86477974
221028531.08094317
358066220.3511279
365294254.2345838
213436204.19760802
602735519.4870633
994513607.1536545
1640947451.8035297
2707563295.4758244
4467479437.53511
7371341071.932932
12162712768.689339
3209820.1
6587523.84
2523381.12
4971060.8064
9792989.788608
19292189.88355776
38005614.07060878
173980558.12689367
299246559.9782571
514704083.16260225
885291023.0396758
1522700559.6282425
2619044962.5605774
4504757335.604193
