24298
1
33
96156
235
1
1214
14137
285
724
3847
6439
17349
24210
11209
2898
575
14910
4603
696
4439
5122
123
5214
2661
2095
2247
2074
6
7285
157
629
7323
224
1165
3
6298
21700
819
7665
6917
8834
13767
8075
320
24548
2701
1
7222
0
59
106
9143
627
34
3703
28599
3278
87072
1497
11632
135
124
1468
90838
46988
9127
3107
982
19706
49538
1
39
18343
3874
37671
23
65903
38880
2068
956
29
1796
4932
19
3003
860
875
12
2045
1
176
2805
4565
5
33078
22380
26
53544
1170
26709
60979
981
486
3941
69
380
80521
8060
20653
113060
161
1940
1681
253
13431
388
12669
19277
101
2649
1355
79839
828
1897
11
817
8551
18847
16
29015
1818
3215
5421
20
44582
10991
17513
20
640
45087
161
7547
3339
717
1875
3134
28933
161
1585
25970
2334
37
5254
13147
3717
5357
38553
3861
204
689
1100
725
14
106733
2
1
17408
10763
6979
4000
53745
28525
12631
27212
1485
743
10362
27713
6442
55531
6597
16694
5781
1249
1833
283
9964
42269
519
3115
7471
21828
366
22
4677
2
721
47
10
25
2595
620
47300
1209
4170
21473
20240
2853
71
116
682
6266
110
1387
7797
2093
2726
6125
3788
9958
5723
896
8
5508
829
15977
2915
10765
17839
1440
962
15
2847
28784
20318
449
91
261
1545
9253
170
298
12372
2067
1889
72
65
36257
5715
925
34816
1292
9674
2220
7
17296
14
11083
14145
25610
51107
29249
53
5602
182
310
483
52567
7020
0
36325
103999
92
820
25
4016
81536
36187
15717
415
237
2034
619
11186
18255
27846
17823
181
2175
8
116
421
1247
105
6852
2055
249
65603
51282
13513
7535
1195
2
5776
16006
10411
2925
331
2835
2043
4
5474
72704
2517
192
1349
4425
371
3230
5961
53
20372
17609
4660
1355
7611
6792
2024
2
504
1356
32608
576
7795
1543
228
87
3885
473
3860
1767
34684
291
10
9309
31
39972
684
0
11162
66653
6520
2080
17
2335
1533
47
228
24949
989
338
19601
6827
0
2003
975
219
682
2969
345
4191
40
3368
498
14
9418
2138
7702
615
655
6927
112
10117
11260
146
32384
8953
1506
25
3377
0
64865
1836
25859
4280
2430
82
2765
20713
3084
2383
3527
1465
30
79
640
7472
116
20439
603
12
3
2630
1161
6903
22515
291
11159
1884
2737
316
18
135
501
18775
28
249
1579
61
1688
919
234
37076
314
31467
4145
332
131
1439
4494
46066
160
33
23092
25194
35
1
3
2653
2
4707
6
2958
2162
1882
18695
50
3656
21129
55
664
4416
5889
4849
9234
235
6201
3871
328
20160
4600
617
774
707
11850
4579
5813
3050
15950
33494
27
0
648
2296
353
1351
93812
517
5944
10568
1691
1097
9457
481
27222
29223
7372
34999
3684
8787
2032
4481
9218
57938
8
1
1603
1634
2
4231
55413
64776
82
3919
9237
14945
107
9455
1363
6
568
7462
1839
246
609
9853
33
15612
25239
2
26114
23109
12
6616
2
0
931
5511
10754
14
2943
3525
24152
1832
1808
9
2036
1174
2283
511
27
13016
709
44922
5
6872
4218
20000
1580
8003
1119
7096
6867
3236
72017
6215
78
77
3
10
2315
7719
164
47
4994
102
24110
16967
6359
19224
2105
1260
83781
7438
192
826
16757
14
3
323
56685
2182
7910
150
121
426
3545
1102
1549
11981
14137
3259
16999
12655
2270
167
28552
695
16205
91201
10657
1156
916
1945
8102
687
3624
32006
18178
71676
8019
8
8
358
26
1260
20
5087
37
19
1
7299
2369
8115
16267
24280
187
52671
4101
11307
19251
7928
5984
1947
5683
5070
4950
2555
12058
2684
14
17
2798
52271
12589
1
9759
4979
6090
182
3381
6196
19
181
12340
971
25315
35892
376
4569
400
12704
1562
49071
10322
10185
14
485
516
384
34344
58
1808
304
5
802
64
11659
78
76904
2341
665
909
2625
7744
9579
799
14792
907
1314
370
58
10680
24940
4138
4647
1481
216
10525
104085
2558
2978
3050
88
48220
8
4071
18025
9896
20269
6913
7296
32955
30889
2034
11467
18427
3291
361
6912
988
14
15225
1377
10827
111
1639
5583
17029
849
6959
1106
102743
51
6224
0
50946
82
25909
10428
626
1859
5851
1503
105
9896
650
2782
48
4638
46339
5123
2138
5447
52605
1122
36
1683
4311
93883
109
463
1004
1674
17881
35380
119
42977
14271
11269
20688
1126
553
13944
296
220
18104
19309
1976
13718
31
5684
88827
33
74
74558
1739
7
195
2247
777
5
530
441
5494
62
69
6967
563
31036
155
28
4242
1278
7596
736
175
51379
1505
1883
0
570
237
2841
2103
1243
15588
1153
23739
9582
2
16466
4278
1122
278
3573
6685
9386
18696
515
1173
11
1698
4632
6268
305
4449
1309
24270
28503
10271
34692
8859
999
7906
209
3180
73067
5288
3126
385
7521
187
34460
2973
102945
562
2274
47790
7609
5960
16422
4403
469
18
487
31127
59300
8
1133
2122
392
11971
4099
980
141
26423
300
1000
3357
23071
58
21878
4277
1401
5109
1017
60
128
522
412
286
17078
8047
8315
10
122
1209
10098
10112
2816
3977
2350
4530
30850
3125
1745
2198
7
4662
167
1
354
22401
20267
1
12
54437
60
354
7
13662
4632
14
24474
14379
2806
708
2360
54166
242
1028
7900
1209
1601
19261
2703
758
668
3
88
19608
2235
12969
8497
42645
130
6130
5078
15988
15
6726
1630
10401
25
12120
1255
60
20750
36479
2642
5816
609
247
20447
2106
3219
4
861
1087
17867
3090
1694
66121
78
14
545
24
0
1047
3
1798
11058
4394
19569
540
340
83884
9988
52
697
2540
6828
7700
14335
13474
1
1498
22461
2
17
11097
12973
173
4954
3094
1841
177
3617
34880
493
16123
3483
5661
17641
162
18054
15436
13635
931
1
4577
4722
1432
1027
2711
6421
118
39
2467
3094
1420
0
29073
798
4548
37705
21749
1214
16448
13138
610
41570
118
10910
3978
2422
56476
1507
83
10467
3
230
8780
5400
36
8083
4558
914
11022
30
19972
27
3743
899
7892
22
2001
3
244
3506
1391
1
4082
502
1
221
2024
1128
7640
5632
5349
11
34138
21538
14
21676
2
3242
1694
1459
13
627
957
1832
4507
3818
44
15
50981
7741
11
1864
24
16458
252
6
1011
314
2009
12932
1871
215
1370
7962
95
45
18753
72
7
271
1
5099
2
20145
60
1001
3465
5381
5039
817
139
16
12988
187
602
364
6245
1833
50806
18435
4520
329
21734
50
4783
5204
10
249
9914
6406
2017
14029
351
1898
1
682
476
4862
3883
341
5110
239
1774
18867
333
792
20541
19
37196
9057
853
4385
20103
197
5470
6140
173
254
7
41065
8
3796
24130
12037
9293
7
362
2312
2011
45574
0
3418
238
356
12526
902
1319
1424
742
18865
2777
8904
1067
238
298
4266
285
1705
3761
17930
3627
1
9721
6
637
0
140
2075
23346
4514
4061
0
36466
14095
3547
1213
1
4540
25554
565
4655
5
15736
10438
2168
6004
12616
4389
4327
3433
11
69443
6130
655
54357
1855
3
1113
6837
4104
10050
7829
5111
3254
19870
33353
5492
314
12
23373
329
25083
3147
41101
5
3839
138
13316
22787
31701
2956
1150
3558
4162
651
332
39239
121
24705
17246
3
1706
1211
2809
14555
25694
1074
274
191
2730
8
17679
667
47
3
8993
9224
19247
1521
631
72220
2
600
22495
1030
11
7835
387
60
94497
3
27525
10
52
1903
959
638
11264
123
431
97
9449
3
13948
1219
1269
1073
37459
5341
4310
6
915
1838
2086
545
557
348
4836
6167
6061
4
514
1028
46720
108
87
549
24479
18
19431
44647
8283
20022
48442
1248
5911
17562
67375
0
562
22626
1294
2251
6028
465
18504
2620
468
93
35078
657
3710
85775
720
83
731
14491
1907
24343
1098
505
14207
300
2
246
13107
3299
2302
2028
106
40166
19042
3502
4307
514
3455
395
6211
73686
77
6611
650
67
6563
9629
22
34663
37245
17234
649
2151
12695
2152
2062
262
27930
174
129
7594
113
4
438
56505
40559
17
30
4
128
1383
10774
875
6412
41701
8510
591
4182
1
9
1099
52742
68
6896
27
7962
3147
1587
1037
189
9170
6
2127
13
233
2194
7775
7834
11652
44876
4
1400
735
50552
6020
2173
5208
2654
1724
9
11
3881
1298
20
1434
29595
9941
211
7185
18546
214
221
257
2472
0
2007
3
413
2324
5244
2970
46561
76
31227
17284
38436
16535
7
6
41046
3193
16783
4111
2087
3565
97
910
9
12113
1
6567
34
2165
19409
333
27285
790
2128
18245
1
118
484
73
41474
13569
7357
1357
428
7378
1006
16832
126
12449
15642
5537
12686
5208
4251
26134
4609
3471
148
104
252
64
904
4
5892
5164
11069
7
431
41008
175
829
51535
2219
3274
13447
20347
20017
23288
88
211
60725
13610
609
5412
1762
680
21199
2867
10955
2386
2505
44984
54
28
183
9463
1235
10396
68585
15737
514
3730
644
141
12398
85
2515
33540
2536
3150
268
49
14327
5488
4841
2509
69
110
3811
62262
2
31472
238
6027
151
2665
5030
17466
18255
26
20513
4
1910
3882
58
2348
2876
7738
34085
3099
8304
155
39
325
1
88
5382
67
8525
190
3577
261
36930
3793
1570
24370
120
42989
61
5
505
3871
71
3130
8376
13
6627
646
6990
5
5712
1794
7380
878
7827
22
79567
15872
1429
29311
42188
19
244
10708
13293
3
1969
371
30902
22478
24624
4562
987
11327
1625
10797
31494
332
409
227
552
327
4312
454
428
18692
380
1141
992
2917
672
306
1740
0
18
11892
63
710
60947
87421
2013
125
1066
47172
1250
219
2
7996
5102
37567
82
2503
23398
1303
7122
2790
18185
23529
7714
2285
1343
1215
1521
425
20259
97
97
0
899
37345
1357
362
8865
1005
46
510
37
153
41716
63134
453
6220
261
56
43866
1293
2
18
242
288
45308
2285
9427
1725
1907
4
3616
67947
148
4033
11
19808
4501
13063
44505
9992
614
16930
15489
11736
1476
4872
1123
793
2945
22550
81
24707
7653
43146
737
580
1351
1935
18207
71078
2
8
24503
1
8057
8388
828
1018
3102
5404
913
23
9686
42213
2188
56118
7
14392
1150
43
11974
1
3528
34689
26224
46907
19976
877
5768
11974
283
3163
541
64037
16
1
155
31149
852
3362
6
2048
3075
10303
808
2708
26
227
182
5847
13192
386
51812
37276
16139
3906
3071
4271
759
14167
28612
451
1126
5293
15104
329
43654
122
1358
3068
8792
2482
5174
5882
32
18774
40410
7978
31
4837
988
11420
1410
23
4558
2428
1016
809
13175
287
8575
1026
5775
8438
2758
28084
173
2772
19216
1902
10
8938
1140
13
690
14345
6
40
192
20499
25060
393
4443
8072
11732
3576
10
273
44791
62255
4549
367
45100
6998
21
25
5035
146
59968
7438
1121
8041
2885
18225
8740
177
51842
24526
17324
2788
287
115
6
6
11042
24599
1753
22649
493
19140
278
15143
254
4183
405
7623
31786
1000
13221
665
441
8411
967
11477
2844
8608
1200
1502
873
74881
58
36568
635
127
4
9302
21163
6
7287
2
4968
3146
487
13842
862
3927
3
27
1501
3815
3314
202
414
5259
5529
1904
18883
86
4376
483
84879
0
23682
7980
19705
59
12271
18353
654
546
1141
3284
117
4
5
64
50407
212
209
0
17334
67
2768
18598
8656
846
1196
430
6378
1
4541
4191
1886
1810
2618
352
704
0
19
529
1
1990
12274
6737
2696
51
2347
4
8267
1565
6477
7
2246
5067
3
3284
5339
36
1083
2134
1423
1743
47
81
5
6974
8702
8
681
6890
48001
24347
8172
11043
2581
17
48364
315
3842
8579
28
1277
728
48
16763
2470
41021
13670
9
52
25757
7322
1951
907
2675
362
2
19770
4720
3000
59804
6591
530
43
126
27399
419
3
37847
7147
6547
809
2696
6654
451
3889
27410
99
726
8088
252
13779
6189
5199
889
5930
5
119
95
320
4055
613
2312
4385
30600
5516
55
1
28
206
44
24337
1909
272
25055
485
1209
1266
52455
68
171
19
1851
266
346
32202
48884
97966
36634
23530
1513
1365
11013
13435
1237
8654
87463
59575
3021
663
1663
197
27
28115
18425
6559
1251
43699
6431
4
1111
4
43299
150
4858
307
3135
3007
4555
5303
456
161
24375
6639
2802
134
7059
21652
805
52640
232
3274
8
16675
1755
7996
10206
7
5894
102
399
16066
816
0
59
1057
4135
67
112
11219
11789
452
282
405
1891
186
121326
3
341
11
26496
25586
22062
2772
3026
26854
47
5296
0
1459
135
1684
19871
101
23156
0
274
1616
19394
2718
68
17089
3622
571
126
28252
19215
10077
590
304
4686
1
32204
11171
3553
34774
2285
35
20471
8912
9938
260
1772
2163
2
3146
8279
59
2298
259
3297
842
3
6336
2276
12649
467
3698
2137
71
9
1774
14403
71
2796
1683
44368
13210
19300
4
14954
404
184
8138
63590
162
3669
75091
4831
21811
13
4173
3660
5122
1301
7224
9341
24
23587
1170
1491
13115
17069
24248
1060
22175
647
48983
5872
8
26437
189
23140
73
27
2750
8277
100622
38122
437
17251
190
1253
1909
2089
28
32229
9
88
609
2487
1151
1421
29562
30357
688
94
4295
448
11309
1528
54564
4572
311
26231
8215
6179
1456
34
11629
52110
3573
437
5
63
6291
53570
668
90413
29660
74
3
2400
35161
7066
25082
173
14985
17705
55548
2098
5257
44
36
1
69974
8
3877
17935
8782
5
40
6342
437
1921
1
1078
251
1333
131
927
1749
6461
31103
5620
1558
7134
5018
2
56930
6413
632
0
143
6096
15
1
4400
55
5553
1468
28
331
176
1607
9881
5309
1188
18368
140
129
879
3263
79
2608
160
20
577
54567
3239
52859
10697
1895
25871
13925
13909
40249
10489
18117
131
22850
42610
682
440
4
5217
140
37
92481
384
8299
12
1720
822
618
98
1477
3019
1541
9
23
29713
909
169
2542
285
1245
2858
6316
2823
10179
325
55
8
3004
15081
2862
3949
22029
101
3666
25342
337
7906
1
257
295
770
32569
3147
5300
28
4273
3168
54039
15
2774
2
88052
298
2378
11830
468
2079
4492
186
38986
4421
19838
12224
43651
978
4111
1395
62
34
21
222
99430
4328
9356
12
82526
510
101307
58
2182
12964
621
24073
615
5281
153
11818
838
4496
7
3451
11747
94
5208
6191
4077
1835
4112
7
1259
14
11254
640
14
3820
3720
151
20780
11229
13202
13153
1601
10985
220
2864
5
2232
13202
15524
620
81
6068
619
5435
2249
2189
37966
15
2249
1985
35921
13199
33150
4300
4
1096
585
0
2
26385
51
2
17
1890
21524
5458
21636
700
4163
6995
4657
4405
2515
4479
1625
3852
17121
6999
1
346
553
6207
5622
18
9
7533
357
8175
4930
13
1210
620
14
214
50495
19857
65
1819
14
8805
147
9139
2
12879
3585
352
44338
240
620
65
6374
5701
3887
420
117470
37998
7161
88580
88027
5777
102
1
8247
0
31
42829
54312
4772
948
6946
71
4
1427
771
14634
41367
2010
6106
7
1037
47141
1240
9144
22905
40
2
186
57129
3335
3100
1915
17857
584
201
744
8584
10
19682
7438
896
0
6
31564
22057
4150
22857
71190
1584
4256
50
54
145
33919
252
494
27832
34
61
2718
1870
10
873
4602
22885
5012
4726
20532
18083
440
1320
2269
410
100
20
864
60
119
8
134
2863
10552
2134
39
31679
4031
787
3356
15787
128
3
100
1156
6425
3761
39173
3
83335
1521
299
534
68
59619
197
506
4645
12
117
602
364
69454
82
1726
3873
2418
101
17527
7526
14093
1378
4
53782
236
24
166
3441
913
1
36576
289
196
2703
4636
1243
17659
18207
492
339
68
1583
8012
973
11637
458
1334
385
101
9876
1054
29
2661
5184
32283
317
8798
22691
494
20738
1739
12981
484
5375
14
68567
140
380
4976
15548
3553
9
2320
390
647
2122
4554
30653
155
17450
7635
30144
1258
44506
1
12951
2618
2526
13323
111322
19669
181
8561
11031
2999
2
17761
547
123
2163
11724
17973
8600
9342
22006
13866
565
23
42440
6329
55685
437
19142
10674
4903
3877
3343
7760
1
1543
954
4
2869
33090
22157
353
21780
97
1967
752
7561
4135
64
36
576
3879
520
20
29927
1127
4
2144
5010
41271
698
57
54359
12404
2
6749
20934
224
16735
1947
16000
13936
41973
469
11840
19
21
741
19958
22160
70
3936
7918
2330
67
2412
27507
1438
7144
176
14
133
11464
17549
74
8577
13818
591
251
2184
13540
2536
1148
370
3115
2
5
25995
10800
44
212
3709
5376
10577
7093
5
4784
141
1
2121
204
2258
400
435
3
4402
77517
4804
3623
1272
772
601
42
1024
100667
1560
73
184
1943
42895
5522
249
570
1533
238
14675
3771
45405
2920
34778
10
12045
56
2
29944
2230
3112
7066
5240
9335
2050
4
26465
1199
601
294
4193
21965
1114
1383
15977
4300
12563
258
34977
2517
53529
14331
2583
1042
5393
11
723
19194
1649
196
14203
243
499
3
33
26733
19150
2224
6303
1949
9740
44814
2
4614
213
829
80
299
7932
555
33774
474
1236
481
2
293
34042
57
772
6
13323
2
0
41642
15541
566
9043
1684
421
662
12109
2706
968
22009
39
26090
13252
1933
1040
240
0
2123
293
2505
485
11705
219
467
986
7634
16341
6392
36944
14707
87760
21809
98
9
13971
31
89
13
11881
6107
3254
1082
3445
332
2749
2010
1062
3396
577
6464
2066
2832
2484
665
7756
4884
11167
2
206
5872
110
2905
24
17754
3317
2943
416
0
79
253
14517
464
877
2452
39167
1002
5234
6
40079
690
164
34992
905
307
744
327
24918
5578
27753
5042
466
16453
2708
5870
275
35833
23118
451
25821
4989
1864
804
1392
19
917
5784
14
160
35
589
103
5401
2048
753
24646
1
5
2754
3603
38441
170
6161
7
6368
4445
1395
411
3359
2790
168
12947
9853
8879
4231
358
364
3864
1884
7015
2733
37775
56
2690
2460
766
2186
30
9
10
4149
1223
5880
117
4467
12331
19
830
6765
13885
132
30
7843
6052
116
894
2
38686
21797
67
2625
2366
5295
19538
223
362
30284
27131
3612
27541
1303
21315
4
9047
2111
22799
22
405
1
0
2051
2085
221
65821
7802
5864
181
40
20824
773
1831
47799
3358
8435
1241
346
60
15
13484
41864
1282
195
739
2873
32959
118
9049
4350
10968
4214
8207
9976
179
97
1620
8787
10237
8
8280
4
2029
9
1877
11
14
50083
13792
34
47
2
104
3834
5320
147
2924
15
3301
7671
3725
162
632
50316
10715
13
679
5596
2002
1726
12374
19910
622
2428
262
90383
4932
5644
10344
2
361
4
408
12
73
4111
24139
74
481
2241
7
22
1192
6675
7759
895
5950
6844
129
15120
147
143
157
4
68
17789
0
12637
46908
21
1376
24831
55739
496
444
2814
244
14
6364
8
1328
342
1515
6095
1066
15084
8987
96
327
19512
2321
11817
21676
157
29257
3286
0
5707
1646
687
106
2465
226
4891
70748
61629
26006
1490
140
66088
1411
487
20306
47987
12908
18
5359
8584
16683
184
1800
36971
11047
14257
66
16
29185
6911
2
5106
1537
5
5713
35592
89545
36059
61680
146
37
13472
5200
83
337
71
9166
11309
144
1621
3332
17964
3
780
9895
10339
6771
8427
20802
2965
1102
36302
38
2869
201
43489
2361
1265
1310
295
1907
39032
39115
74
8590
20815
857
600
2955
12198
56872
0
25
14188
2411
48918
2136
3019
13025
976
85
35544
994
39921
13327
16869
20625
112
155
536
341
90
312
32481
567
533
4075
29
10589
61665
10422
1284
2559
5074
293
251
77813
12311
334
609
24585
46
2507
1658
107
132
22012
2143
2405
538
5573
4360
3493
8913
255
6
1122
24975
2
1385
5477
809
46
4446
1335
11700
7883
59517
639
37543
9786
1838
283
14
847
165
22
14994
19
243
2691
133
781
691
1885
30330
23452
9975
1847
2506
0
914
870
1431
74
4358
11469
26447
86
30162
2309
1444
57
230
1349
377
0
27
483
81
151
498
2733
7
9848
137
2231
2010
9946
17320
2206
45760
9
9
100
642
9282
665
15132
6305
3188
23128
126
25697
8318
8642
282
486
5236
7
14540
12031
2168
71048
16913
1883
7693
2163
29710
89
59740
3279
930
1
25105
1277
303
443
1201
4653
2342
8832
617
736
22
538
18840
5319
17735
855
42931
407
1964
861
63
3520
3857
14469
3205
12227
2986
0
1440
27602
24
5822
2500
4201
4541
7
39481
2535
39251
2
4188
1015
3
33617
9
34390
3187
895
500
21881
7784
495
1413
244
210
41669
542
22732
9558
503
45
13539
1013
123
54693
2786
352
2
3405
55298
445
1225
187
1259
1982
1352
7
27431
1348
6420
40558
3894
83199
31
170
3376
7965
384
7463
453
5829
7527
11855
5541
83402
116
1178
1953
45356
426
621
1
3147
139
69625
5148
100702
8450
72
1716
2288
7061
689
331
31467
802
313
951
183
5
31075
11188
21940
195
3
5741
3121
2105
1
270
2948
717
2157
93
286
5330
14894
2846
5666
47
20
14896
1
21621
73
1288
216
113
7727
24141
693
45713
12383
20748
3102
19321
69
6108
3113
98
24
4
1
17
4
63227
9577
11817
933
19822
10421
106
14466
1194
222
32018
27
414
11921
14809
30
4983
2888
391
113
1739
15306
1268
52834
4682
7094
7005
1177
1110
74276
6678
85
49
275
0
225
40
170
354
3361
4617
20974
46
440
301
628
118
4
62
101
31716
165
29232
5979
11376
2284
5256
22402
33908
1285
1539
19997
18982
903
239
1412
22567
10905
307
482
6302
6498
17295
3342
9486
1297
40
1
0
215
3925
5274
5280
188
5851
21
9124
392
1475
2310
19
7409
280
3120
2
26607
38853
15920
2924
61
4031
6999
5158
1
29777
418
61
10653
8753
4444
29126
28671
8186
122
40716
110
83075
12416
299
49687
5578
34805
24594
162
2439
3451
2845
12822
484
958
1959
4177
21240
275
48
284
170
260
536
1051
2518
69363
7212
39867
30
4181
438
8713
16740
456
46
47
319
7110
8818
26101
1088
1390
4184
19783
186
2225
2
1628
1024
302
1107
772
1091
3156
0
1
412
23933
16623
3076
542
13538
1544
72
7
863
92248
1049
1007
1
1670
1292
237
203
96
396
4849
1771
31687
6
40223
1323
21327
517
4614
4858
297
8543
15314
42387
2
354
7
374
6361
14258
319
13773
2757
415
130
766
2419
1602
6214
39196
8600
4
4
5582
439
1896
301
676
5992
55156
1249
331
97
6374
52
3491
364
141
7815
27958
80
1
981
2445
145
12080
5
835
307
15508
2686
22675
10578
544
33136
1586
4601
327
26609
10
2612
618
17134
0
408
4052
46
38141
22542
9526
34166
74356
1723
11953
98
639
33964
89
1578
1332
22180
66
12904
19027
146
2765
366
954
188
6
4662
192
6500
4378
159
5882
35398
4828
23
6747
13238
32998
860
8253
95
1711
14288
2621
30247
10276
1532
10036
3690
542
2
2
36
2936
71
3
49665
9919
13396
1889
18460
9543
1835
7316
540
227
2090
1514
2801
404
30
3517
49463
557
4555
90
20182
123
21
245
63
8105
444
569
21734
2980
3342
3
238
9113
378
0
2958
6
1159
84395
12820
47
31668
36598
18283
537
1092
5135
47741
1152
11
1166
857
53438
426
12041
14926
2711
1846
910
11147
3533
267
16268
14979
6357
162
87
6229
5560
10505
8528
3381
2
22
1237
2516
104
10666
43654
666
87
1949
358
1714
2330
867
3628
561
1085
16736
35656
20
722
40
2569
614
27
16482
60205
8476
18
4944
85
3597
164
447
470
9224
8
7031
11441
1810
1939
360
60252
2194
937
257
4896
7219
723
272
10
342
963
4490
2170
69
9287
423
42
125
8626
6897
200
27537
2996
18083
29
79
1535
1590
1153
53369
23282
30156
19709
175
49471
967
2567
647
1669
12798
11243
12776
2873
16852
441
42839
1185
33422
20459
3988
432
205
18
20692
6643
538
314
17627
630
20302
81606
1906
3172
1006
1383
2
66711
486
17226
8010
86
10
2659
1
14488
1693
22887
7496
9051
5306
1326
24591
45439
2831
15146
1661
916
1301
19992
634
13745
4
1520
29575
12086
5337
76011
13631
116
636
864
21562
37881
2407
4968
1495
14580
58
74973
80
16934
2493
7245
61
298
5285
627
7745
28
6492
17402
7587
5521
37
1383
1124
0
31
14
350
25621
20780
5695
9824
83607
181
136
1552
891
787
304
4
43960
847
46605
4850
31
1610
15126
1910
21483
1974
240
12884
15579
13132
143
6704
0
1
33525
1374
10691
7666
8993
27337
159
15018
1145
1831
511
11792
19642
21652
1
5
4198
16258
88496
4175
7226
3645
7355
4
1506
5600
12655
4984
14444
477
29523
1318
124
1412
487
2906
4787
36610
12435
637
1
2
4290
97
1
1786
97
891
1495
5716
201
2713
1436
76767
25
10
1065
30272
59899
41014
12783
2795
8376
6311
8298
6
168
699
790
106
20
8991
15402
3583
14464
2657
193
4
897
222
263
19835
1325
2
12909
45
14
58
3238
2254
19574
934
1820
6
159
1413
13401
788
14584
15909
41978
15106
563
26580
6627
13413
7121
1325
21
30927
172
4596
492
910
24951
10
403
4885
5
6
59494
3720
11532
2254
227
3761
543
9498
9812
2242
34
8199
335
223
8323
35824
9099
3162
3452
2256
24377
1296
60939
144
602
1034
6
2457
1491
208
10375
634
3
1992
2267
12811
1912
7556
1779
15114
46
1118
663
5
341
1619
19442
34
106
630
228
173
107
1417
7968
96
3134
4450
19474
76
2118
14312
58956
5100
2376
2947
6109
436
46004
6613
16548
2737
10625
37389
2846
24282
874
49758
9793
3669
62
10
24269
6996
985
1288
8106
1813
892
225
35550
173
31295
20790
3382
24878
3937
20332
16
20432
63900
2326
461
1366
33493
12300
4936
1204
2118
2798
220
2158
679
5352
11180
425
281
62
27091
70677
10808
1466
5498
826
47
12221
1678
687
3467
1234
18703
232
31887
16361
8245
17120
13516
46
1487
52
2953
2071
14349
109
24817
9250
893
42509
28650
68
30944
2
4412
17763
22545
6551
721
6704
3042
116
13648
935
135
407
18299
2067
10976
301
1
5
3
5760
447
8473
6050
17052
1619
13474
51496
24
50054
676
13329
1121
3511
4226
8264
957
44361
14620
2013
1096
159
12588
504
582
3408
22504
259
18628
56
2
327
13462
12934
47400
19016
4595
53805
20454
21332
9879
1595
3980
595
8549
591
4816
19477
22270
19
6307
2771
763
8732
3
27716
64682
10419
0
5874
134
13401
31
300
270
15246
48478
1199
680
28756
68517
4849
40733
5607
1003
1823
5670
13521
3731
46973
233
5873
690
106
13597
48
345
2
73
2135
690
18
4076
569
24014
413
1941
959
28426
20492
79
1204
4067
295
2846
578
2
85916
0
2
566
65
65553
42538
56138
5
30012
69
1703
106
1224
7665
678
7946
327
102
75
3
12111
1822
59816
1509
15289
12964
1599
4
64131
2664
1492
7794
12433
5469
6735
10162
635
5858
2508
3791
15992
3
29
385
62
0
311
6757
36268
2626
581
435
345
41521
315
9621
2528
2
160
5692
766
504
63681
90836
307
5
6976
1256
11727
977
4855
239
21640
1265
2499
36907
375
22541
59571
21869
10
1
28
298
1648
8496
38395
1775
8894
46545
6970
2760
1920
56507
42751
862
135
561
32
94
7293
1700
1889
282
4216
6146
23148
3999
20208
115
7
10003
44990
41830
1722
4363
0
1172
4729
4356
10217
124
23931
23330
2762
2
325
61552
1
158
10895
192
151
291
11
7229
49
3543
13972
2969
8023
834
24
1501
4639
1910
865
26468
4268
172
18060
37
7115
11958
1
11390
1702
230
416
5909
4
138
7490
22434
18321
3
16116
235
7277
4131
1245
1471
45511
3
6486
1956
1653
16298
25805
15502
1437
19515
2198
19534
3330
193
902
1406
65
7651
648
356
124
22664
3476
54708
2362
85162
3
1583
13370
6333
939
51
410
451
11562
52344
30049
302
20548
7289
1
116
6
914
19835
3464
71
97
1073
187
488
132
738
286
165
1764
9113
65
1558
1311
12766
2936
37735
1133
41765
56031
2457
264
848
5752
427
2008
85
4
1706
10226
3098
28701
2834
1495
74497
13637
7858
47
6472
80
1581
5544
7
9859
361
12476
23544
8068
1882
1153
9102
113
834
6460
16467
177
739
11234
18
19
1075
800
1064
83
36506
2069
34
182
633
1761
6968
18921
2229
36833
750
11532
1930
1699
0
9721
60
35218
9
254
13441
9
107993
12191
4
4261
9
4826
4669
198
304
1335
3820
2143
40
240
17
9
5272
1763
1823
309
29
2954
50881
1611
450
3529
11306
371
73
5791
11849
3302
649
718
104
4212
8
34798
1263
2358
936
2614
7317
4
29439
738
191
10
5294
583
27428
524
2
11285
14544
2299
49
22
510
68
19812
16
58
1455
333
26
11492
334
857
207
28212
39
47926
2986
2667
9852
4514
2608
1
100
2405
2006
12841
11505
10632
4711
22159
570
336
225
3
9327
11105
424
2550
15146
26910
235
30374
1123
2056
7551
326
257
7568
2174
22498
3114
273
498
36
9441
94484
25010
1261
387
557
73
21
909
714
2292
950
20330
16546
734
343
14705
478
13660
6664
1
3425
2029
14
16
2720
4355
21033
47484
634
25808
11738
61235
12088
32836
201
995
50
2
131
361
492
142
1921
1487
6035
3946
9546
64044
6394
2396
393
17400
4282
3644
25681
21457
420
1941
360
13306
1715
10442
3127
78
1986
90134
1418
1
3206
14322
20939
47
146
3038
1069
1026
30774
1810
14185
1378
52
2071
611
337
9
16476
45
3263
2163
776
6494
12149
10040
113
3760
1911
213
212
14023
36470
20
173
1077
21
715
1816
27
282
0
132
3633
9206
44
1937
8245
6
7
1407
396
3869
28
554
208
54307
10532
34
38
705
1670
393
113
55
14
28426
17756
33907
5918
313
1738
144
9912
382
2646
1664
451
86958
1690
2419
67366
41673
3914
39274
3
58892
809
3337
2195
43102
16954
156
806
930
20661
23652
3818
1081
1060
704
1449
36943
4063
0
3773
10005
1679
1802
6570
932
35597
34285
154
3788
1386
5427
3878
168
767
5425
11543
17541
98830
1
155
2162
972
832
146
127
479
0
1451
19
4693
29207
6485
49
214
703
13317
1888
697
3611
9
5597
129
17622
2218
4870
1000
6586
3462
1357
22940
4282
39780
984
2859
14346
5269
579
88
27
262
486
500
8258
10889
102
36626
17938
4
6914
15100
424
31497
13070
19304
7053
1460
1009
17
2319
3482
13187
11
5
854
29696
99
49225
20358
9748
10647
850
2820
263
1168
2498
625
4423
481
386
66186
6204
15316
3906
2023
6661
47
14
5483
1077
159
50
125
25586
1556
1716
5172
2604
9862
6389
3955
121827
4
0
3765
5578
80
44715
1686
1
4632
118843
17932
23
8291
302
20943
62
1978
6622
11110
8592
23098
1396
11453
229
990
22776
4760
38
1
2819
7150
38608
65
2712
2410
15
11779
1
1241
670
335
204
679
27438
3336
77994
931
1953
152
1125
82
8722
3
97
98494
42531
5107
406
9800
325
6654
3836
2953
869
4578
1076
74
988
3
17686
1
44981
977
1059
204
3572
2512
35
6911
1226
2423
2776
11450
51686
112979
6402
31093
1286
772
535
24739
634
772
1178
1703
1
13662
6004
250
610
2084
591
8644
32862
148
187
7891
6160
6296
2586
73
56193
913
248
2036
24
1387
3306
1064
18944
2
60
51
22475
50029
21011
11339
107
12923
133
2032
5736
1477
7762
55698
12812
204
4444
10443
93
21383
27738
74097
3970
3037
13032
1310
67
42851
7215
55
3707
624
17014
154
6
851
96
4626
9
20253
3545
77972
1779
1200
13
30
11060
106
5933
1105
9337
36
37787
30085
31
27
48654
1
4423
12264
5366
1399
8987
15633
39399
1999
10008
8279
33841
3326
4981
103
1136
350
1219
14544
147
7205
10560
2941
12986
16872
497
9
2339
252
1498
3
2268
20
652
1562
31368
20171
11
14041
1013
3005
53034
15911
9161
37375
1542
1708
31
4
727
1676
74
36873
20
444
25075
1234
599
1056
318
3
792
26620
64992
15
813
4735
204
177
1747
10129
19
2765
55
111
2
265
9756
20533
1
3376
84
1775
9814
2716
124
362
4632
19528
60186
224
10
5086
1946
1582
37
58
23
3143
618
1
19851
4405
363
14676
131
4
25211
1182
2623
3
5048
205
2314
9417
3095
7708
20
17549
775
4
1275
38
3004
845
775
3102
28994
797
2719
1682
15883
17847
53997
68395
1081
135
2
6
2313
359
1202
15736
0
88
1010
264
4240
260
16
28
0
250
7642
5264
1
7023
332
2057
608
303
5472
1968
38245
55124
537
85
6
5134
743
0
348
366
21054
2220
408
160
33275
12
3
7895
5191
12627
389
26
318
36409
18787
1108
47355
11145
7634
4810
34308
3054
35131
7040
265
19576
13372
708
2201
3763
9
157
231
7754
4844
39528
7988
15161
1406
235
18249
26127
30911
4081
3129
10826
373
1601
843
50088
23050
15049
1405
3075
12985
5898
2538
26244
21805
1368
2
11215
465
7408
83
2967
199
124
1533
1641
266
1534
9244
7077
13518
159
2
432
13712
25
2262
1
17220
1600
185
9329
29827
19825
6556
2109
26295
1447
5675
90
183
2
2642
4024
2517
28598
58465
960
5612
554
3392
9253
993
27959
5
17009
20107
33946
4710
48
4257
6609
544
1101
269
43
7591
31
71107
20
832
1603
105
4347
4226
4135
26
56911
1452
22864
117
29170
17538
1145
12132
1733
2472
10
60931
2852
28
10786
10522
2845
114
70125
967
1115
6022
985
27
2
40402
2020
1
39082
754
294
7856
14
8277
3217
1813
497
20326
2079
11496
6840
10790
1335
9642
90
2215
228
7929
11054
451
13334
1288
50995
25
32
1312
52671
8445
486
14746
628
479
20835
11873
1698
30700
5944
38479
1123
160
466
8276
6442
223
122
6
4374
4
22
5373
17
1512
2
4
26383
362
35608
3844
1976
1812
11090
241
2
2246
2526
12
2578
13709
25166
5614
67459
268
62
23054
1068
4359
331
5234
356
23680
660
198
37
9754
7504
897
71403
55254
100
13960
40279
100
17
3887
1110
4361
782
75148
1092
13
72
4068
9548
1040
302
182
26
334
399
583
43938
64
31127
2
17211
778
115
25
0
4374
3646
1386
1649
1449
35155
2802
120
636
378
1
5570
18057
377
2942
3474
7
41130
21
2243
2687
765
34715
5363
4182
2497
5661
14878
6067
19900
727
18295
92
26513
23990
24236
7254
1638
21
744
235
19708
60
17016
4145
2958
37
2
10451
1700
2682
1188
42637
30942
19109
6819
35437
286
20032
1951
6677
79
144
8434
37373
3
5650
5078
111675
4294
6160
42
1547
19525
1628
20
24
144
105
2125
19874
265
1767
1421
8607
1093
6159
212
4547
90835
21080
6396
29335
354
1728
336
1
115
191
72420
34
3311
49692
5715
3325
11140
1294
3072
2
1
66
2357
43017
10310
20435
8342
731
5003
72
7813
1538
3283
3753
12
8218
10173
5161
4696
590
51212
504
8949
4765
543
46
2376
6110
1628
5891
2561
9971
421
3931
5
31683
134
6423
10521
2286
7
10708
81
545
5765
3151
5227
3188
76
28763
80
53344
63610
407
975
8147
1036
6399
21206
251
2150
1124
35
277
1946
2877
22337
1521
31831
193
21
5728
2
22
6667
30407
2265
11
6208
22208
158
3296
234
3169
4215
38187
86694
160
10982
13308
14111
61
668
2838
1718
21271
5781
454
12726
4624
12126
2513
3
4966
7343
4622
4473
9
235
144
145
1526
20850
367
5860
8381
25885
17367
17848
4247
6
8695
1314
529
7884
3287
5110
13374
1676
0
8
24
23
5560
18831
2477
747
5454
29250
10550
4
747
15265
127
11
228
7567
5184
1597
37192
1097
28542
6
15950
52
6
14
582
30018
17
435
153
2575
4754
232
281
12
31188
920
199
10108
117
11098
23754
0
2157
9162
160
8208
523
1194
16603
861
333
9247
34
0
72
5609
558
4939
104
1702
2986
1725
1077
17342
3425
1802
68
59167
7484
38
2209
1166
7511
9365
1
61
201
541
621
11138
2508
2829
2009
1493
437
5925
170
1137
3441
510
12
1734
18514
190
1
6623
56456
15925
6151
74525
375
931
152
1201
23561
2482
63262
14948
205
32828
852
19310
9480
22693
14072
266
291
24726
47266
482
7325
97
57411
2478
10099
1493
2
25363
50238
24459
1049
14477
3827
16
851
304
1517
98289
40
23972
31873
18742
4
140
27391
7898
2
1128
42472
0
8266
12944
0
1163
1019
64597
1253
21381
905
6209
2940
19355
1160
2200
2175
26156
1
25305
25177
1637
5712
18657
54726
8971
9751
114
3343
278
5715
20975
1299
79
15010
32526
544
449
2
488
51310
503
1120
7999
795
6599
88666
7495
3591
1
1022
2969
2848
722
5588
502
6
192
151
1322
89
659
207
4908
50
299
7329
9068
570
11802
6803
55
131
14873
392
454
282
234
7806
142
332
3326
179
90
27629
8036
4
335
1466
1178
765
174
7373
5198
38171
7501
4
215
776
420
83
9
11
1999
160
30440
577
4900
3948
3649
8109
2632
13
6
166
954
108
1405
955
658
34062
413
36
4207
265
32708
489
2
481
20806
33390
656
82009
5209
6336
32
12719
2439
980
8482
13837
55
770
723
91
2410
17214
2
113
38257
1285
20667
8
555
2428
202
571
26
3009
292
4436
12592
556
279
862
32228
9471
6879
1876
28964
78873
17272
1507
3275
28989
60
38544
2
1114
24410
18575
311
2936
3772
3051
108620
458
751
415
3167
1729
2271
548
4883
6337
17860
2
88
11135
125
12
123
684
2456
79
6642
1336
615
87755
1815
37
1433
148
161
12815
115
2087
5421
312
143
620
2126
5057
5133
62172
3
19914
10206
20077
9543
8
1548
56
827
17
1827
1301
9
51457
147
134
926
254
1146
1356
23362
28403
19726
5
9268
30319
2434
28
22965
2496
29
824
581
5533
9946
110
42751
2274
1
18744
21316
3043
189
673
44
0
3
909
2617
8870
7294
766
10248
332
22178
8681
1
46512
35
2574
215
553
969
766
79
428
9269
29355
57
3069
5613
42537
23
11786
28350
883
9450
6759
511
88431
1161
1078
308
16125
4403
28484
18675
8347
28
3995
16127
6388
1077
726
26
17375
3
10829
269
47074
5497
243
45391
942
8027
11916
22395
10900
49259
3149
70606
373
212
3174
296
508
15
1813
20266
29988
84
62421
10
21094
94461
88
553
21989
744
1070
369
21266
1192
3236
109
140
6954
1640
2
17676
1097
31006
6056
763
13288
9934
546
14883
3006
2528
33
60310
406
330
783
19883
35392
825
38939
17
429
8504
25540
3630
717
232
1383
3727
49
15916
125
12917
1215
7
8520
145
37030
2549
739
4105
17114
22661
973
1747
77504
2703
13784
20738
64
4757
2859
36410
50042
262
1841
81755
4726
54
4
13078
818
15413
15447
30
21109
12181
209
4832
16412
364
15
203
1383
5331
176
23052
3256
2111
209
28032
35787
396
11
647
60
144
27
8987
17143
10329
29224
228
7452
3178
8879
101
12291
267
11931
31
8391
42
21118
6
6122
1015
145
72657
28312
1359
374
6934
2867
2660
13093
270
72
10381
21544
241
160
361
21017
42100
2652
16611
681
587
1474
270
1942
12
323
748
8119
699
683
1630
1
444
10
2841
1195
18585
9393
80
14800
101
9607
1
21068
10
14
86790
7
66425
439
11
23726
5
9038
3010
19073
188
7001
16520
38750
184
656
5398
153
14
464
15
573
91
23171
168
41086
494
822
3456
26
1087
2869
403
2330
3723
7338
47211
32
916
3551
4532
56
122
54797
5449
558
5171
167
2660
18587
30991
263
2105
6018
1674
15870
5638
6016
17525
619
3328
3630
86
633
914
965
49190
13304
11153
133
18609
266
1798
40890
800
11200
7650
3065
9705
19680
668
9859
4177
55060
4125
92
84385
966
27
7345
87
2
2266
602
14292
601
8409
11
1150
43
1572
23629
4117
2128
601
1432
2025
104426
414
11082
34006
40
225
3457
375
9483
2561
12736
5
1128
8478
552
689
1219
72
41745
41785
43
21181
1202
611
9949
50230
2796
87104
3485
1980
249
2712
272
7056
124
316
1148
7306
55
3424
29429
2015
1606
10
1065
2088
143
46403
931
267
22947
14946
3498
104
437
2421
64
37037
39235
495
4589
106
380
29519
452
21217
2437
1389
9076
1493
1
734
8907
9430
4658
61642
120371
127
2
1477
225
2119
1317
5001
8874
57
1309
13819
3098
19870
1552
4740
19139
931
999
7
4306
11276
5198
1861
10
51535
43708
1962
57
38747
8181
2856
110133
13949
821
110
2171
388
822
53730
1434
2048
3303
7
36825
25552
8381
11651
172
651
912
23802
18439
982
10
1644
433
7482
36930
2244
1212
27605
1331
9687
24261
70
580
3939
36
2215
9243
220
1806
2176
4109
5559
443
936
9418
49797
792
1110
20673
2720
179
52639
3751
5263
26813
1842
12828
1731
708
434
27734
15072
2666
33
18160
2
11145
2123
21153
80584
12459
9966
1531
145
15254
93
46747
260
872
3426
227
2191
4
12226
1725
1300
5985
179
7027
33
96274
2861
8939
91
2384
2549
76
245
549
35
6826
11664
1066
1514
19038
81
256
358
20819
2024
2963
61
6508
3185
1263
81
372
502
0
5794
30693
10307
11529
52
1070
2237
3587
3080
2177
6705
27676
28960
37792
151
2216
4503
948
7343
1089
3309
20411
112875
392
5256
38409
7161
989
2491
14813
76
8391
4851
16310
36
4011
13148
615
7
553
2628
3495
4583
3305
1393
2897
191
29959
6916
197
322
9
2448
43726
101
806
688
58
32409
24
0
3
6650
453
14562
38
15154
85987
15303
572
18664
4306
88518
930
24
9841
39835
47003
1737
2144
2607
2186
9813
795
26818
4356
8
69
917
3273
379
2035
4129
13283
11039
254
2
630
931
10210
12942
18931
5396
449
367
3136
5372
6858
3612
4258
4
279
4803
1808
67129
34
10
166
3174
2
6588
1960
121536
27229
586
41
23
80351
475
1223
21875
234
649
1149
26901
13812
21685
21
584
222
19373
4867
2969
2208
14606
30568
15090
56
31188
11373
2895
42618
3396
42
4154
985
4936
1021
7
1068
3345
2621
45718
39
8631
55
8959
1462
9586
263
3525
13674
5117
151
447
412
6240
36216
511
7577
2
308
277
1283
3328
5
639
111
26078
3272
2397
3410
1676
46
6236
18592
3745
20870
5698
15
32
157
134
24160
12272
7652
2725
7777
1
23282
59
0
3
127
13008
20
16220
573
613
2209
36090
971
631
2218
8080
11099
9995
24533
892
7885
298
2739
38
15097
4744
2641
0
35522
528
72
4717
7187
139
150
3995
4202
1972
17114
45557
31415
40264
41706
1724
11030
7505
92
22186
397
50
29907
40
2119
793
7407
477
2464
3409
30
2314
93
1758
57
50606
5618
363
959
21374
5246
28463
15030
137
5
6350
43
7591
695
50252
7371
23077
10437
593
752
387
5224
17882
70721
11487
3265
25803
8019
2063
19583
2732
80
9458
55130
30310
18526
2838
252
2437
38122
1
28
26
6174
2079
18655
18
150
199
23169
52779
537
18
939
35290
1375
6612
40738
131
66
25116
30
487
94
9395
19380
5
46
648
15227
2
181
4
4002
884
62
53
4233
0
4
29713
132
71
1974
15291
17
587
39
42099
8
84
7
5178
116
5986
276
19255
15932
3422
4389
15061
1879
1
4304
110
15597
4758
807
5421
2
689
1416
2277
6
4986
59
9659
9454
8665
1649
114
38148
2148
45
162
3243
3384
2146
112
11171
5214
6
1317
7701
2
259
35242
5645
62679
13
7723
6945
477
18438
13540
11525
3008
23
1611
7104
367
3215
208
5457
2749
43563
2
1093
3595
1939
9939
126
3286
2155
24330
6
54
10068
1640
8511
2
5099
20043
2657
5177
379
259
803
38
1
621
159
18861
35476
997
968
246
2077
5492
23848
2468
7823
48292
28125
2121
19528
386
515
987
22
1675
1251
64
99
3428
9
3
1589
4606
26
7517
36355
2578
741
1212
11391
3928
8111
10934
266
35
23874
30
33258
38066
2704
4703
2063
41567
292
52
1336
222
14488
23887
2334
27048
393
1606
20
40966
14
30324
19105
540
5
20584
6786
18399
28216
337
367
21580
8024
614
959
187
139
9880
10324
65
15307
4
29
366
30
1831
4
352
402
286
14
11049
1666
1089
119
807
14330
1576
39
26189
8926
720
16880
403
1111
1321
565
10946
7310
10562
552
2286
1669
4587
9185
71
1483
1365
14
19
758
2553
259
83104
17
1764
23
1927
17
5415
10027
53289
49
3185
6786
21595
0
1075
261
11355
29185
5868
15331
211
7042
2988
32324
1359
2
7691
17541
59
2073
782
1816
31588
2699
3317
2803
127
8750
107
665
50557
700
3652
7
3747
3664
7403
44900
78
2
241
37
472
24
60
3967
78
300
733
1003
326
27928
8337
3
772
4518
470
15430
6774
2009
4822
53
24961
3832
126
4109
0
334
1480
6995
149
4001
11365
15616
36
9764
76189
7440
1980
2853
100625
4408
33
24599
3
17598
41
45290
30100
38062
49392
7027
7447
7124
9814
1496
9587
174
11
8908
6193
449
13463
847
2
1330
1846
2
17
22307
5276
22606
4129
1103
3010
9139
48768
9731
5514
439
6617
33
87841
2597
6428
7963
4719
17066
89217
37
35
2448
16044
4673
5116
9920
9131
2051
115
9068
144
5
242
12560
15
2393
7
5552
101
80
9
8
433
10
283
8875
25070
0
86632
1
2
6879
291
60523
8683
411
362
16265
326
4
10695
9012
3083
4633
35443
14566
46
39352
36176
221
8048
172
34193
5199
114
13042
15428
167
5642
7
33456
1262
24
0
4043
6
11366
1521
7907
429
11405
38059
4751
131
752
470
41825
18
23877
8825
249
627
34
306
5104
6
237
1953
178
288
3451
16
34184
651
295
23769
1531
15291
623
11093
22466
69
19157
0
121
36
10409
4908
729
4047
3042
1863
188
55
42768
37767
85595
624
3439
2705
2469
179
6621
176
13598
59
85392
1080
1985
2059
37
4543
459
426
1367
51
61
1750
6350
6098
60609
1108
37
22375
54705
42707
45
1494
9
14524
1403
3229
12099
37037
6709
88053
7606
21187
6074
5164
2417
1
723
25300
12568
8788
1037
165
7711
25036
3
4515
2
1
44017
1171
2524
2723
8126
11898
97252
21
0
6378
8117
17014
300
4078
880
214
918
1369
10
2020
45
180
1090
14
61
244
35629
1340
5684
52
315
8198
7363
5
929
7
29
3325
30069
2660
6354
2132
1286
3191
31618
639
18122
43
6
5
7
12959
17859
21032
168
117
1019
8
285
9
19
8945
7313
16717
805
60081
3803
1708
2327
3
527
343
11340
3482
840
176
23
31
68
649
157
294
352
20084
1160
34670
146
96186
185
1011
20459
4549
8621
28351
28733
57127
1284
23522
5310
2496
2189
16593
1239
45371
1
77
36
21232
1539
345
761
48585
1
123
5
41744
36485
1
6364
17745
3
7
33524
3414
1286
9794
869
165
187
2283
25366
3444
125
1227
1079
4016
21
6937
642
11152
3771
3870
479
18
7897
10
2814
533
1
516
9742
25
19
26
354
1
15669
5334
10129
5653
1491
2979
339
3893
991
16931
28109
5180
2379
31990
1296
21570
313
7425
32
33
15421
36
242
1184
474
13890
3209
1022
468
26916
63
4975
174
17367
14025
4516
19
100
23253
184
21
207
3504
10
7836
1500
2877
59579
193
2285
71
3416
985
349
22104
1118
25363
24874
923
28790
2802
1
858
422
68050
4982
1445
171
29
28
37776
6021
5471
52164
683
3079
4770
4031
11
1402
89
37110
46
11279
51137
20257
6907
149
4
3756
5156
12919
6790
13
2370
10676
11605
1639
4013
229
29751
514
214
25237
2088
345
55
1401
7097
12355
48
4359
13616
176
15
14
34
722
76023
23702
3598
3074
149
14565
50
927
42993
82
1423
5
60
50377
790
1812
1111
16400
10
16474
331
10945
6235
6
34121
1704
22866
2341
11247
9192
4092
12821
8317
13906
14526
2675
393
2375
2040
1961
2640
368
829
3101
7289
1786
1052
8394
38599
923
528
3142
1218
962
3742
251
419
33131
10414
25550
3989
45540
12
6118
196
476
205
24197
1488
11891
2774
1838
481
4151
3597
2
14777
120
364
534
59
32483
1083
14729
17253
608
346
4253
19867
13044
1126
8
7003
4391
1381
22220
29
957
386
47
30709
7568
37779
18097
9
24018
506
264
16294
10
33
0
1089
330
8502
24451
3
365
23258
0
24
36
18726
580
2
12417
5288
40077
2541
422
662
735
8
10442
15410
234
2651
5540
86
3500
15742
1420
72670
1490
49
3
53
3
24095
3016
346
9014
2261
193
8624
204
2683
2
12100
10851
26893
506
10
7845
3682
121
152
9327
1963
11679
1436
27571
1
6466
44506
11000
6531
2662
225
6385
13923
25
34295
1767
8551
47166
36475
3
12753
88
16944
557
4427
1112
24
15892
17087
1420
186
704
88375
272
69177
2857
25552
1480
62294
1108
187
308
1293
9475
13456
30163
3279
229
1303
350
29016
6880
57703
501
6176
337
21
865
51643
1465
118
13236
677
315
873
340
6145
2406
2530
15944
50229
7519
8
957
6442
49428
10549
22248
12656
174
28503
5164
1044
14890
37553
435
13383
5914
418
218
2269
1841
4916
6405
25128
65494
10087
33019
13187
725
1081
55
981
2
312
9766
19067
905
18140
652
37
55063
7018
76
2856
3
1240
15963
38
9013
4469
286
84
1116
2
21394
1613
7004
154
7430
11
93665
45816
16295
11626
4773
19553
110267
627
381
60
24633
10021
39616
3108
1
11747
62
8
60282
2032
29
42791
38
3634
2
15352
46472
51
24173
24882
7
3
56125
133
1541
7
373
1
20079
24423
0
2589
1102
3426
32136
791
262
428
13
8
2733
2466
55814
21
79
8994
13927
72418
15547
3489
27869
1328
39
7624
1297
2
205
87
9
24409
3105
1143
165
8228
2033
18
3942
2434
110
36785
147
2558
206
93
12
10103
898
9
846
6738
411
80164
41881
7161
28
25003
19508
1735
5140
1373
24199
1009
3124
68
1
19
92120
428
2475
3
2861
72
7420
32853
15819
4427
26241
53681
20570
16364
6449
199
41
32880
4001
5795
949
16875
696
26928
4479
5380
18180
23188
1006
5068
86
32683
46472
341
406
30
20
185
1614
854
7426
580
15380
79390
5382
23640
1070
7988
9
1287
1001
1498
1290
2495
4239
0
5502
4277
288
1531
1716
7343
59
2
463
1525
2681
62414
23993
85
13223
454
335
92302
5939
4473
24991
1231
11054
7964
7508
105
5543
13938
173
49
12
9
2001
299
4585
203
8209
8286
6590
41701
3892
60
26
691
387
4831
1
3189
703
6085
15437
19139
9176
3318
867
49801
2135
943
440
2747
37999
26973
1047
32556
1
12164
4779
0
8190
1
190
11938
1258
338
4080
34398
3028
1867
3699
8580
692
39342
2466
54217
1454
1856
8507
1220
1562
4923
2689
13567
2
52
21667
1733
1568
118
6787
1
154
2918
59
2404
0
3823
461
4274
34378
4759
30
32926
4486
35299
398
54781
1
74206
317
8739
346
16391
2204
4573
10503
47561
12
1548
5688
29
9628
10570
1637
479
25934
7126
17
16673
629
2341
3218
43
3493
2867
2
456
454
6798
1664
154
3628
2112
2188
2156
4914
18981
751
51
23578
1
2688
3346
29580
4
10758
7776
4086
4071
238
1604
1188
11041
13
2034
7041
2310
262
254
417
840
64142
1902
10
3023
1936
97900
4
39
139
1437
364
19812
1856
3664
1821
529
165
236
4810
2981
31
412
405
9
14044
1209
8
17
28910
13592
50171
1169
613
257
57155
40370
17671
122
76
31280
123
13851
48
2044
7881
2
17076
384
47126
7908
4213
3759
1389
6678
22298
3033
4992
141
103
24384
4874
10
210
42
253
8435
12174
5438
90
89932
43970
6100
70357
364
4
8612
55
33
5874
59
44516
11
124
1
65
28
5113
2540
186
3825
2543
6122
97
241
1624
3089
20816
8
77
26
0
29909
5865
297
38
505
12
53819
308
1641
1626
8010
5791
4715
202
1
13
4811
25401
51215
6763
30
366
1530
1348
3025
303
1221
41613
44274
1444
51486
30404
16980
705
1
78
833
39376
15899
2317
8020
4197
37588
2878
3153
1100
19991
101
1039
143
1966
152
633
4420
940
13228
29
575
11
13
11857
35
3
4762
7040
1721
16268
13044
41983
11200
27
22957
43
3866
3704
8121
243
6062
18234
74089
1101
14562
365
1608
0
2951
1371
266
86355
4029
11639
1255
534
57842
15099
1681
6885
3470
105
356
10
8271
1747
2462
620
21
9616
33613
6742
1057
1979
27851
10555
8284
10066
9088
2705
599
1763
644
1499
1663
6818
35730
4136
5137
1762
28312
1862
3891
7490
951
28190
7751
14610
3
1178
8006
4876
1374
150
3010
4070
8135
4531
14846
1
14926
1384
342
5346
712
9559
1379
32192
49184
7134
2
33992
205
264
71
1748
417
48100
2990
1790
60
1
1657
16667
42006
1153
82
57115
668
6340
4
0
14262
362
3616
743
7209
312
4710
158
54865
127
94
14060
178
1072
11348
12449
1014
982
125
2778
885
21766
26870
10022
41948
48772
29
1278
3505
241
15129
1839
2942
13155
153
32656
1797
23496
1008
198
43791
385
28092
3505
4700
324
3121
1989
491
520
28631
841
2505
3423
2291
1661
5875
1894
199
673
360
8459
670
300
114
2292
3168
998
66
129
2068
6823
6
6302
1850
10210
1
14
1
11752
48513
11457
218
256
62
12955
1918
3574
6141
2753
1445
76
265
27
52563
27716
4089
53665
12632
248
21771
92411
4168
88299
150
4
27670
27895
5936
3473
14
201
8634
4281
6
3170
119
9565
2
169
1943
27
27837
18248
2727
3501
4734
8048
4564
9
16
38
37029
16464
40
1610
36886
44355
680
226
2740
324
1124
21484
400
46
295
130
11
1938
9907
737
2703
4743
109
4144
184
38971
2304
308
1833
3983
12534
1962
491
297
644
314
1
1002
462
167
1350
1125
297
24626
18076
1007
14826
32181
11094
28345
71
18972
318
2843
9
89999
27360
7649
10412
5
47052
142
1801
548
13732
13873
3052
1531
6417
38
2843
777
2145
8291
16683
11
2300
5180
2751
2519
37189
86
0
257
4891
12719
4753
44085
184
3
478
5
25734
88027
6204
1491
1583
3428
3369
19
0
4406
40749
109
10
41501
22057
4292
11
17716
840
278
5553
4358
7262
54
16
243
625
18826
4746
6
38523
483
1012
66
26520
55
6116
28103
205
99772
3964
3
24230
490
2527
6668
430
10575
14927
438
49
4951
15
1170
5426
25465
3
39145
5
57
2782
10591
109
12426
2303
44
965
6490
11
30104
0
36377
29089
73
148
2
6791
3
3221
25720
1563
11494
21854
9686
363
571
255
21024
95
1492
70
26336
4621
8366
5594
5080
135
10585
3076
8138
1374
4610
10181
22197
17677
2020
13787
32
243
256
1116
814
4293
72674
23320
0
22864
162
7391
429
8285
21970
73
420
3426
251
377
6981
4323
1143
2838
5101
1
9560
5945
80
53980
50994
759
3372
12205
16
26931
213
44091
68
209
45973
479
350
149
377
1664
12130
541
639
12567
3437
29076
940
1470
2458
2682
134
6358
1926
1357
21335
13
2959
640
31846
86
14009
433
648
12678
990
109
4514
26466
37
320
20563
11
4236
4939
295
99
37543
7756
2
239
17
444
1
30284
15
19445
5856
7502
20124
8722
8794
167
115
4021
1310
3167
1
8342
633
2626
20
808
2938
919
7545
82
10
5748
158
51
154
2387
2
1537
9394
64301
686
3078
9235
20
4362
6950
497
168
1680
4
1663
36795
3364
9
1016
339
32296
8690
604
4122
3
12880
33973
8473
37035
22423
1649
78
7986
75007
90
2979
7151
1393
12375
81
13178
5492
224
19534
1873
19579
2175
10
5627
1240
10081
2546
13559
13977
5966
40303
2899
912
1503
4515
394
86411
8943
3768
461
2117
7758
20
388
24543
29629
71
18885
6584
10
123
7
110
9456
8858
21635
5441
8828
2341
2395
584
26143
56
13720
19
1841
3434
17906
6573
752
11061
47
3847
1617
292
12
99
4215
726
10567
2
34495
5978
1445
7546
88238
437
5
420
3372
7087
49088
12953
18707
61995
29399
20235
1341
4322
833
1329
23302
237
27879
6354
29964
48836
548
57
2605
2082
25815
14522
1274
48
9
226
128
18017
29369
10717
986
3218
23732
2315
34062
2866
32002
790
21
17560
7
7705
5617
477
26333
9429
2230
14796
23910
84913
810
820
1966
12636
1311
33
28
0
31
6613
9652
121
53027
898
25481
1665
2794
26992
29911
260
10422
224
3095
2718
2933
337
1467
27185
18397
8102
109
4927
4595
2803
1727
3864
44813
11867
3355
66
2179
4830
13782
221
1
3643
264
0
51
1626
540
10028
7882
3
822
1618
833
3
6354
9192
10
256
21620
8609
4
106
41482
541
334
11317
218
9
14811
591
9015
683
52787
1387
10762
2508
54005
15948
4
9
245
2
498
27
7
6216
8031
9430
1577
8753
1196
3859
45309
374
1866
12914
3
54984
278
2288
1906
19781
279
67322
87848
8002
1594
8371
1
207
8576
15
9915
5517
7126
17720
3336
908
199
2611
9554
9276
25561
17934
2
354
21
2231
11265
4220
14097
18915
2476
2180
7
63
2
38
1074
9189
1466
27
17973
10521
13483
903
8385
56998
22501
147
1398
20
40825
1925
5832
2047
140
27307
22
4867
136
2668
216
4041
909
1
1639
1848
0
572
7439
18465
140
15025
6386
30707
392
36716
61442
1633
2160
976
2573
4270
554
7495
79
4194
2
7869
1828
2582
3900
2441
147
1207
25
11900
3
30280
7324
435
1813
2912
62119
5
21
4587
604
52355
21727
1972
14
108
3277
8133
4499
1275
2722
924
213
2786
1724
67859
92
483
727
16349
14303
19
10317
660
9546
3
5635
22
979
275
549
35181
315
7
65
2457
40416
567
25133
9877
250
55
15563
867
72588
70
659
5719
24
33779
337
394
2
6717
1098
7333
54
16951
35934
963
626
70
7
3
38
299
151
2258
80615
6902
1190
3
1610
85135
625
7426
2
5463
24945
0
14939
252
53635
15083
12284
4960
30537
28
51
54
10819
47170
10562
9105
2
1244
4278
6108
347
571
7230
444
29850
14309
3508
259
11352
47
9403
21864
245
3480
4924
518
160
39
12977
593
226
76122
435
725
11460
3663
560
16
164
2261
626
2122
370
189
2271
4756
46325
748
94
11
121
306
31263
118
442
1138
799
97631
9870
438
14522
46
12346
862
729
65161
6150
59
7849
34
2346
6425
374
22766
321
33
2053
8293
23
949
3477
3463
2656
39883
377
27999
4119
1622
5539
422
11440
3634
10710
30771
43458
2568
1011
13011
446
3584
33570
2415
19375
5766
168
5631
3128
3264
7308
3317
27816
16455
8479
30603
57515
12866
35598
65
2332
358
46
55989
13892
71922
4505
71973
234
3688
112
71575
147
62604
6309
5293
9075
58919
1243
5
1025
11552
3360
8
22392
6473
336
4009
29
78850
5391
1083
12618
2990
9463
2
1630
2
941
907
9569
5109
24
4527
34966
447
21495
94
1924
48
82
12947
4255
6578
494
252
334
15
15858
76
8
16218
31
14445
10080
11161
189
228
13855
83
707
70
1218
2110
31
1497
50955
130
9523
1997
843
893
4348
10516
22072
1741
140
33807
242
6
211
3094
8083
5205
1078
846
14446
27
125
24668
49
3349
1123
1752
20543
268
23332
1613
2084
2
1357
16
86811
1332
6967
21077
1
435
4086
992
11
4074
4
5352
2272
9
398
339
12409
14710
9
2254
153
21916
27
578
19236
6127
10
19035
4450
440
213
4510
297
6
6846
18
5260
153
65081
4745
3066
4837
3077
5196
11025
16544
5720
2754
142
1585
1551
881
37
31704
34872
48212
11
5366
76242
48026
22464
1442
5
24897
17963
4639
18792
1202
2090
246
51
42
5134
419
2787
13369
19925
5014
1
5995
2956
7094
3
928
4192
4646
713
3
80
494
71
25
389
4646
48104
12
53542
1628
190
7687
2078
10
2355
18892
2
2
338
6063
2478
1
732
20528
319
61842
14427
47488
278
11120
21760
17991
14698
8620
237
259
46967
1756
37
34
780
11
90852
1
152
52913
73
1341
1947
12951
3105
1123
10784
14457
1407
3
1686
8590
1813
5219
161
53968
2959
556
23591
40686
19852
14821
3
27
10
39155
5395
10008
16
515
786
11309
64995
2187
3808
174
6533
90
207
8798
5591
143
1074
1790
10
4
819
171
1543
4128
2008
2631
6439
36619
8046
3296
21894
642
3154
49970
11219
534
84
1700
3937
3550
28423
625
2482
18
66827
2
5
6408
331
21216
8040
15828
988
1359
40
4
739
293
6470
11
51785
1844
10039
3
1
2503
38
3734
3521
43172
6702
4
1464
2640
6353
1168
360
53254
0
1
14746
81581
126
1
27143
4688
4349
1920
1414
50131
16006
6379
12
356
1817
899
15172
20597
42927
38698
48819
2856
1536
19
508
15295
0
55113
2022
80631
432
42600
37702
4790
14235
108
3940
783
2
1073
180
4394
3
291
22846
21
15
1668
6522
21472
5014
526
1
398
11766
165
21497
923
758
25846
405
99352
1178
961
405
1207
659
50
491
425
9476
11044
20262
1553
1213
13464
9654
1363
7746
26755
12148
9464
37706
34
48460
1074
0
626
6995
1566
4530
2117
2756
35362
8529
15467
108
3569
35597
19765
2689
23659
3
3774
7
2127
32
42
440
4750
334
7988
3874
66727
2344
32405
12458
433
56765
13991
872
3045
2385
152
46
590
154
15146
2608
833
5045
4
1481
5913
22
1805
17534
38418
624
9016
283
1317
20197
3080
2376
1067
241
1131
1240
932
319
45269
9130
16538
6442
28
360
126
722
1061
742
1037
3133
118
24726
1078
32487
89
9731
489
41396
164
4
30
1165
10872
8762
3529
0
20954
1884
5172
2637
35
92003
15490
18814
124502
192
4521
4925
72134
7
2130
7
24024
24964
441
17901
1
6748
539
649
189
1205
16947
527
8124
397
9727
6736
14685
4618
8
2078
459
40
3014
5057
16
24
180
1148
18869
11431
67056
1437
669
26
0
8127
6444
33
236
18
8298
4
1705
4836
717
2061
1404
7223
7787
36497
9645
62065
217
228
153
3042
482
15035
1283
8
7740
2735
4707
8542
9
878
2119
603
1077
7908
788
493
22387
4064
1338
14307
589
398
13402
1217
1
15025
1239
5924
11567
3101
186
3
40
1019
146
696
2120
742
85
6158
7199
192
5
8696
86
4023
3778
530
19878
3381
434
182
2652
18322
5820
4183
7422
4
12566
13595
881
154
949
197
781
15846
749
4668
3607
37722
114
6
72
23
22468
15990
41
31318
17371
8995
4903
120
2980
173
17170
6735
1166
41635
28
2
641
14
9560
830
16196
26035
3341
4303
505
727
3755
63
945
1487
19
23263
6743
10302
9516
252
1
86481
504
11842
1735
250
875
19492
1686
15810
75
13661
2178
0
24443
93
10645
594
117
5
36
5887
2297
13408
67
1565
12
967
7416
2
65
141
1243
4504
259
1726
40752
529
33
7676
43907
313
13561
22305
46654
771
1
17106
12
8
820
496
3327
107818
10
61
131
683
18
4
12605
28117
2
413
8522
835
159
86779
56134
606
747
2908
2334
379
194
10155
18734
239
1382
88483
7660
1660
16000
685
5035
31015
1055
63
24517
22736
533
10964
41882
40420
10503
87
19217
3829
228
129
140
194
28
3331
6194
3814
480
1107
29204
71371
6152
83646
2
307
2024
6102
6361
3
4182
521
39560
44647
71
3331
11
19568
12394
26719
955
205
6331
1301
132
1305
4194
119
5716
2421
3064
8060
2
14
81164
32267
2143
1585
13391
504
164
96671
104
32
676
7730
4395
2847
3
566
3945
20110
34273
1
4139
36211
2
22
4
2
33504
10177
4469
68
4462
143
1000
4604
678
1070
1
2080
404
1766
1282
2306
560
30292
5003
558
254
516
678
41
28087
5603
568
1937
3426
4118
15
81
7125
168
11448
12929
3952
0
881
57
68316
49
1285
17
38804
2792
7156
239
5098
55547
617
4172
340
3007
146
1138
368
19133
517
4035
202
19723
278
510
7
950
1023
43599
106
232
9149
91
4894
68985
3833
57606
1846
979
1708
8111
25036
1376
1429
13466
217
2
2104
674
604
720
5144
1308
143
915
3015
738
6075
24
1810
1441
609
1983
137
51123
2488
36787
3635
141
84467
94
6449
218
1351
2
1639
543
13305
79
925
72
2271
22396
649
2016
4541
13437
1201
4658
217
41358
1103
268
12
762
2743
62974
277
22
427
4
226
24
8853
1854
178
56
12695
3530
5
639
74276
13029
26770
8692
2062
1642
10948
153
16231
6074
17197
2
234
6227
48190
1747
3081
668
6362
1938
34
8709
3243
3
26
10011
20642
53748
9528
31
3253
967
14569
1
42223
5973
860
3976
2981
3910
675
1936
161
124
37900
749
964
95
0
1709
1096
45613
6870
17093
84
3595
646
29
15988
1507
313
11351
2
2227
31
15921
28312
7180
1726
26925
601
58
1571
2
3
25588
2
16
4
2136
483
34046
623
86
1799
16768
28551
446
23220
27467
306
11687
67
51
9062
75966
3113
18569
109145
608
534
330
3414
166
19815
50468
3
55363
616
842
21616
9027
59710
16627
72451
258
15554
39144
6023
71
1904
15
2193
4
8322
8183
58769
149
86
70235
1124
14252
119
44595
1807
70
25352
247
6
148
5373
34635
314
9692
315
5082
689
2434
19219
25651
82
9490
1752
10222
289
40392
283
2421
16
7972
1107
5115
196
4456
3409
1628
4738
42
9728
4511
3
2
63579
3171
2010
332
57
1228
3138
5567
5
2436
7429
70
2822
76458
2009
2
2725
19293
1220
144
2991
76829
17172
11356
8323
16365
8135
9855
19116
1047
101
1325
17953
1998
11075
11542
17792
1199
31
82
12880
55
20
6848
8
19532
412
1432
7340
16148
8803
2588
314
1854
17355
7129
13599
285
3704
3
58552
556
4416
11443
3492
2241
17356
1498
15751
473
417
255
441
2
87
193
2921
13
4893
240
113570
54
66
407
1343
544
11
236
168
5
39
3569
226
3281
4
2689
21978
3117
4717
304
13
16052
1487
26140
491
32915
7424
9955
822
1474
1414
18488
21359
321
4413
4200
38637
3161
29537
263
12263
1686
1818
2
3
20638
131
31
4
48624
131
9923
6443
4369
25067
1521
145
13574
10507
5522
3505
26381
8346
5578
230
2459
256
15284
15
548
32613
2464
47138
10098
45964
293
7942
90
54271
70971
4
800
162
6670
3499
10070
451
1592
2259
5456
4670
3522
5195
39793
4572
1293
618
3617
5309
1725
453
20350
4
20794
226
37
10703
1612
3
17
1949
12
41578
10334
3
939
8868
30829
16572
2240
74
14201
2
72
238
7324
12393
1359
100
88
51168
225
3994
7550
0
975
1097
55
1020
13590
3318
19
2279
4011
41127
825
6608
0
75
3422
3
714
34914
110
86
12519
17036
50435
147
21414
12566
205
8875
5403
18690
265
15453
14728
13867
1867
23644
61818
331
554
9
103111
2404
1681
44498
2616
38
1664
33
5
2886
336
5071
6836
244
6249
121
1714
9482
2052
24803
44
4771
36
29
15
932
604
15868
3
37885
86112
143
21454
10299
52276
975
141
19318
8410
981
4970
3251
5
11272
4473
1297
6256
15
33351
497
3488
129
56
7435
548
3017
386
2089
12584
10997
17555
1449
5066
689
307
1049
753
34232
7507
42851
13883
178
2789
2973
29859
12506
22867
4
8425
7566
1494
4384
132
35
4135
8707
11260
837
7402
4742
3265
36011
6289
48
14429
3457
2786
36499
22785
3
0
29
55696
110
24216
40579
12643
7
754
11642
46614
29422
1081
411
212
2046
45803
180
574
4964
2918
767
1465
537
159
3136
44617
2017
17482
1
6
50
0
1940
28766
23418
3036
1489
14468
41
2013
63
2517
3431
1429
111
513
31032
23
2024
13392
2
3026
19765
534
1
7702
11305
12091
2704
0
29667
78378
6973
4
1536
828
1586
593
25165
3
217
12476
5367
1972
17348
759
52421
1774
10693
6483
5
1937
738
29655
29436
4479
224
1083
22869
74
34328
3
466
3427
24948
2728
0
600
273
25
2014
25
1240
5864
876
60
8086
181
58
5
3815
21263
97
19187
328
734
1506
37564
50468
7796
36210
4873
7558
68
499
41991
81
209
1541
51898
78
14636
11752
2287
11721
48
16937
392
7121
201
605
13728
11797
799
12523
144
56
9
15643
36891
3114
1516
1673
46
14286
0
31483
7640
4
1083
0
76168
49172
34
0
1
5946
191
61
4875
21
75358
19980
12218
102
1221
359
162
30218
1
7
121
272
44
17
5473
93
1
742
1446
44104
5796
52265
15280
40796
6612
5622
33369
5586
36413
167
1081
8971
524
1656
22
2272
26796
2341
972
30335
11374
79021
482
824
3186
27236
29011
188
4479
14656
132
3335
27054
6055
2695
27
7783
1837
469
2754
261
552
1332
17448
2099
145
9917
9444
12322
190
4254
119
5838
1438
12
825
33036
232
9435
65150
4287
415
2070
25080
3
3652
679
3160
19623
2255
1692
254
379
29265
30
90
6890
6074
1573
857
207
69
5636
29923
6182
29482
1
71
15329
284
2728
14616
10
10747
3
1096
122
1667
11
27729
167
7
7
2189
66818
691
15565
6595
2163
6620
137
1731
56459
302
10
14303
15275
13351
3
61781
64963
1345
50
9
5855
884
6488
224
1719
1668
88030
8471
5742
1673
26274
7620
9446
6516
28918
1507
8427
10233
3639
162
80085
23365
43
381
589
14131
228
261
76
807
1230
839
194
39
7478
4000
27804
10123
158
84
20803
499
31928
25303
9941
4721
1970
27894
65945
3164
2293
1245
697
75
8646
102
460
167
7085
5323
3377
23670
5814
2002
126
18816
243
3812
184
19249
2126
8940
4209
31317
22
290
72
405
10576
681
0
1756
33449
74819
7883
77852
13289
2699
4823
7504
47
10703
3874
69628
2942
22344
128
3707
34028
312
5100
26039
1923
286
10379
5290
9005
304
27347
5030
5951
33330
883
3267
188
2176
2155
16
0
326
2935
96295
2430
4070
7337
14123
20
8802
799
6724
1199
4511
51
37
19063
6323
6068
25093
22676
82
2015
480
519
23398
3965
2681
9796
49212
31118
738
17180
6733
1048
31
18462
5113
7335
10052
3626
23
33984
175
102029
1346
1423
231
381
4604
52355
511
47
0
362
1388
29
52
1463
2133
11
10
13510
57
7112
49
9376
11174
63
10
16310
2243
43788
10334
8164
7034
1424
3825
11619
2570
6813
1436
3814
379
76
369
7339
29534
2022
5292
6047
1635
20096
240
17309
2470
4371
15815
0
12549
117
7590
65589
119
36
2515
47
781
412
5501
14123
2
1251
987
175
99
7031
9109
3
3516
49485
36982
86
712
25
56
348
6742
22688
1
6
25227
10700
498
153
3660
210
37487
9932
25206
483
2126
19490
1061
4504
3877
95
228
3151
3746
4226
9552
15893
269
488
1447
46586
738
8647
263
36313
22882
22231
9199
864
573
1515
37188
7307
3858
461
541
2713
38433
608
1453
23
210
15
3049
11
11100
2
1345
7951
51727
25829
2
15117
213
525
36
18235
1872
1
958
24208
3658
4621
239
2
800
9403
511
16670
17098
1335
4
5460
18133
85
12521
2658
140
18066
45373
4146
829
52
5
8691
11302
5812
7602
389
2805
4362
13
123
224
246
16070
2
13016
3483
41
2902
3
1993
6207
294
14115
5682
1092
16
6288
88
1535
430
35004
297
785
9
92594
361
1749
2519
8052
422
14754
2544
3376
2235
4898
724
9185
641
4574
5828
1703
582
123
2588
328
4866
47850
3134
26854
25820
16129
14
22193
274
271
727
789
5832
3584
13616
770
5138
3180
11483
14829
455
177
2085
26616
3711
17
1127
45266
147
924
2329
21276
2379
43
413
2969
18285
6335
2
798
14
13466
395
335
1124
1302
39038
7010
42979
4421
1981
24
5194
16
2905
29840
577
1003
5
15
11
9133
0
996
6471
374
133
23958
2677
8066
10998
4742
226
1171
6329
553
324
0
3673
2193
5415
9476
177
1022
933
21
10757
797
36
2903
913
11732
244
210
9805
4371
2242
6347
420
289
1211
2481
397
4050
1057
7800
362
11
0
40
1979
150
1044
453
15426
934
101
16676
67
157
1422
2904
15
17
741
49438
17234
111
689
2205
21814
617
4143
5444
7185
516
24465
16424
18243
1749
28719
32
208
281
306
2166
25894
624
442
18704
261
18
4368
2850
285
389
21
7050
27
886
32372
268
2047
629
27796
10287
2
1036
12709
32
14522
29606
16545
9249
2977
14
7
6166
12136
1260
7895
18110
8855
325
11040
1087
614
7
7521
5
397
12618
2374
11097
2416
10848
3517
1
21
9
330
4239
17402
32414
10444
13076
2892
417
22
5413
1119
6228
2546
3379
359
27261
947
10277
1
1600
1608
8
51955
8167
682
39130
4021
4712
1814
43029
9748
18633
22625
70
1278
26551
2694
186
9134
22941
924
18116
9779
1174
683
650
999
49
330
11506
11394
45
6015
0
517
3
41
9804
11157
3296
15623
8074
10248
90
18956
6482
2750
617
10351
1268
2437
79
8380
58
305
858
65260
4
83
1
11012
244
706
3180
39
2991
18102
363
1011
90
1
5433
52790
14
1
46425
2549
154
21583
123
38402
9421
643
7504
295
667
30
76542
40
10
616
221
13953
27372
600
3540
465
29
12529
24272
67
980
69
18
10389
316
5608
911
1740
43654
18618
2817
2353
3965
10044
10364
686
16654
3877
163
1965
7388
14946
81
58905
459
13636
160
19166
13670
2
1928
1519
1612
28
44266
10
7863
766
34944
16
1149
1699
139
65586
13
23985
8
409
3634
2153
125
3531
8
21909
5940
5283
10222
1080
15192
16577
6686
6509
3
4650
11405
2
823
151
6847
706
85
2048
624
877
149
58
4
149
9247
2094
16238
22
532
17
478
8141
175
12398
228
558
46202
6067
13685
4
23631
4989
2389
1493
97385
891
456
6833
792
73693
12336
6695
5279
4
1258
17
1169
1849
10139
828
3678
2164
11970
64
21563
16768
1617
92
3521
327
41
7444
119
10594
39
217
408
2546
578
2
9369
260
34259
92
1065
513
1287
44409
4598
6743
3333
29806
46
12523
818
118
2142
3720
83
135
48419
14032
26733
2
3
1863
7449
291
140
330
1
9
280
30802
400
28967
1641
202
36061
2122
2661
2
526
42788
76
1761
13424
17131
10
131
12933
17895
13
1052
19190
17
1670
537
112
988
5203
3
1517
297
64
3738
8117
1068
1312
2680
1221
4905
14
16399
4
11
876
1605
10410
11539
9
1449
20
20559
1136
441
2680
602
33518
18115
39640
17909
157
116
7924
760
6
900
0
1882
1465
100
13377
22687
30586
36
4
944
1865
1762
9085
33893
975
5292
2321
196
9335
4720
14952
17
33
16139
16141
179
50
2273
573
8029
198
509
4843
6
515
6253
258
4
149
1169
8010
12112
40106
98325
20949
18295
75333
6593
12087
4337
611
29246
4264
508
7739
23250
16898
11477
1918
94
5410
112
68
2778
17630
0
1679
2620
22531
1654
137
4437
1250
2
38000
1725
323
614
57
55124
8975
67180
1615
7711
51108
32
38477
13200
56
40
85
91
41
12109
1390
47887
11913
1110
3369
771
17846
2385
60131
8456
4744
516
6881
12782
1327
20
11923
968
19
28460
779
201
76128
8462
584
35817
292
46716
1
33
574
4293
6644
57
575
34153
58285
73522
32
8079
39328
847
223
25278
28574
1040
34900
74
25369
1172
20498
19890
110
4
2922
274
2215
2681
2318
91
87
64
3461
27744
792
1514
40
7837
7308
48
2999
2662
440
19567
968
41623
1374
984
39764
42646
476
10543
5422
2390
134
8307
48
1240
41800
18522
5085
2114
9204
100552
782
7742
74939
1863
997
901
73836
97280
3
1776
69
12687
50
4688
71436
31
68
813
16405
1987
4396
41603
7766
2101
247
28371
1158
1220
27899
400
6815
2
21012
2918
1875
671
37246
365
11
4482
23930
11982
569
1194
6367
3786
1489
881
2564
15692
1203
10641
631
503
21399
4202
2
69
119
2144
12
1181
5920
66
179
10126
1698
9464
6261
301
2169
255
22505
2939
800
2077
14492
4182
5
42022
2303
5484
3255
180
2306
44
19760
11501
0
12063
3366
9044
2
8095
46545
19
257
264
48842
9
311
11816
18759
409
67006
302
78
4570
3
2413
6
17
10942
637
32276
2379
5318
94711
14
5168
5320
2
34230
6969
1205
6592
31
7325
390
1804
507
23
85
524
16253
169
353
12957
76894
380
5141
1793
26529
25678
2110
44530
31621
2296
10679
107
12445
5521
490
526
156
3
4
1517
471
336
4548
5
927
2627
5144
18470
6105
828
7
125
4546
17264
1146
181
2529
37
9449
2137
3328
5310
1139
92
13
6442
4294
2132
17683
433
5183
18159
9118
15947
907
33857
2360
2238
537
8257
1117
4
242
2713
5952
4
3015
18148
1556
5478
639
0
118
147
962
1833
1299
42
4
444
25836
566
2
129
8060
2229
41327
2515
349
42035
240
2992
51380
135
1193
22
1
23
619
35079
176
34142
888
1
1648
11070
64
2644
36
28692
51601
310
9551
2893
36571
583
1
998
5609
17
2
3876
9220
7128
871
1380
11510
2
8
15911
1304
4463
0
6926
226
192
155
826
18
4
26470
19630
56
89
18087
967
64
12991
99
31600
4745
4267
1521
7464
2306
45278
583
1936
7
9799
52171
11500
381
50431
52
3799
24587
638
76
9
41471
2096
6
18
416
33
17
450
59371
8451
249
7
78969
16653
18140
49
153
2868
273
1905
576
952
3243
6925
6
23265
9302
12579
14692
21
1210
28
7365
786
85523
3359
11285
1273
128
678
2090
9505
455
1643
592
14485
2443
7333
7741
2
149
8558
4717
4
206
419
15479
15847
3569
1085
6898
178
1
107377
29724
3237
4942
58580
16656
11083
4371
8875
18404
54
95
1295
86
9327
2047
421
70001
99
533
3266
5056
996
7768
16498
5912
2899
2420
14011
18304
16080
285
185
57
33
702
802
31105
24070
14079
1009
7182
483
7778
2899
3881
8453
21566
1346
36116
2351
28
14256
45
54
175
8
1799
988
2373
5335
9750
1599
23135
6678
426
2409
25
220
7473
130
24719
93
2669
7005
156
12683
2984
5943
139
56
360
5350
461
82
101
3027
1898
88
1175
4279
14845
2753
5900
432
4972
518
1
6778
1836
9200
7294
134
3156
4171
4531
4098
8
2
3285
2515
85
869
37
527
1521
1135
41079
10675
233
3368
7503
8929
15
41
30037
2006
5143
987
286
27735
18164
226
60
2730
4007
1064
5423
7330
1233
2543
307
91
6023
609
1440
405
7258
26250
7796
16493
43
54
984
24628
4329
76438
327
31
19414
290
57
3678
13264
1986
8464
353
46725
2203
33320
252
7898
1611
10413
2159
68
4956
76
9183
690
23082
90
173
50
109
8742
14
366
37
2158
2184
170
467
25
11406
577
19516
2
422
38976
2852
13069
992
3718
9
550
6437
13683
53
58802
28970
4238
278
7085
2582
547
14826
323
168
21243
44405
263
1438
146
288
538
388
49826
1410
16294
0
9610
1326
19050
1812
80268
230
1
4441
198
66
10723
8
144
29083
1
9139
156
872
812
73640
823
642
7020
22984
32800
9700
1204
15020
1203
153
443
2014
698
2003
14766
17033
639
664
1726
8659
229
1788
114159
8972
15
208
5845
18710
28
111
2080
42
3
10109
6349
12
5729
1232
14468
7153
1480
562
9865
50
1265
12591
3698
74151
10694
25
1054
1514
0
2937
3023
3530
99
25938
16
4548
33664
1812
83
162
85016
441
8843
58123
23214
3125
351
2804
573
96021
30315
13
210
3726
9324
5826
673
2467
3840
35720
24012
8622
1575
109
2861
50
535
12105
5519
7217
31952
1994
1061
11704
5154
5048
2549
7985
18033
29
43517
31
806
3
760
11048
2422
7
29351
16731
3723
4501
44005
17884
5620
2157
135
3757
502
56
31
2624
4387
37512
20183
44
1018
159
638
107
16
9355
6934
236
1378
1
740
1329
963
4022
703
72200
8586
34
2
688
38
15
273
12765
224
48644
912
50
1362
2120
5932
2201
1
2288
34
11509
2714
559
16761
13980
51
192
38
32734
739
903
28694
7114
2189
142
146
75132
29
32296
14
55229
16926
1877
4772
72
563
28
17504
138
1103
3504
4298
5
14666
968
548
0
2594
7191
154
1086
331
3595
71
6136
2041
10413
77157
11112
4808
6950
22503
120
0
284
959
49
1786
9677
31081
1385
16
5198
1199
34063
28155
625
46515
178
11766
362
358
63
2363
7
2
2793
7073
34681
1601
2705
2
1020
72
23731
5
3135
4
6203
3255
10291
2885
29576
201
753
405
74926
215
0
1899
468
390
584
16074
2528
1107
251
87
20850
10917
2221
37
7
22988
64038
7
809
1848
41
3844
100795
2
3356
250
1145
76135
475
4838
64640
56814
2649
4
2446
31076
1546
64606
90
15003
30481
1656
37524
4792
7815
137
20
1812
7780
9276
19
436
57505
102
3073
2
1276
1415
19444
2010
3181
884
1951
16392
592
1139
2640
51563
3052
4077
123
512
3516
15363
32533
157
1414
1291
3826
2424
3230
193
12608
986
62
33435
17949
261
4002
9908
40225
4438
3
147
31026
5371
2596
2220
57775
189
111
32
9317
7691
8234
8129
0
10900
6388
1362
5545
1921
1495
4460
11106
24546
9130
47466
106
306
195
14
108
17207
18
0
3581
148
10611
266
40
1529
3488
2881
837
1835
290
15623
5566
31041
435
35648
39
30
992
1543
39963
826
67002
51272
27193
5847
1
536
18080
10946
4121
66
36762
1987
3306
21552
21439
14447
1310
846
3398
1161
4146
37
1992
71
2
862
14403
312
21833
8
1752
6343
90
16299
51708
416
2032
15616
86551
13
24706
2912
47570
30661
1055
99
56
5
5106
1109
213
19574
120
9083
176
7094
3394
327
12
688
2627
1523
7164
7468
8888
934
71312
1
6946
8
140
10642
1547
90
1792
2708
6272
20230
2646
24578
10509
604
17858
99
6181
53
356
4835
1809
25683
7635
1834
3
2530
4
1751
2297
654
19
10139
63
4430
0
28595
19773
127
26711
474
2154
65812
5632
29824
3110
4404
13064
26163
16124
28410
5138
33784
750
3492
29
6943
31454
7984
140
1519
53849
865
26850
6333
19
18832
1932
1640
958
566
12679
802
366
314
37188
120
7835
2390
1124
323
11776
41288
2
4231
3401
295
11
5
334
190
1825
669
2745
29392
31
29381
9415
6
3226
400
882
42404
67569
6312
31571
36750
12086
6142
28736
926
5105
27
18189
17093
336
21101
36
163
5281
2292
171
2105
23802
72827
27495
470
7853
62197
2259
6770
18437
2093
5357
1452
10157
444
5294
35529
414
108722
17482
2701
7
7479
671
1241
24
16690
35198
678
310
241
75
751
9316
2921
18845
391
22728
5909
84
1
0
35026
1417
31561
2445
6768
3255
6985
853
2225
587
533
1
286
5932
46025
22350
97
539
24567
7912
888
662
48411
144
31092
6368
6
206
31
387
110
30
159
10075
21114
8530
180
27
750
2321
266
1418
456
1944
28569
2153
3515
15666
6
68
12706
10509
4235
49
12798
6648
974
1732
29451
11050
40
355
6
17
184
6685
8247
28
6
651
337
4074
225
7299
70
937
38
1279
837
1530
43077
5757
51589
323
6477
7583
377
5945
102
59092
9279
3544
64
8516
4
16134
6099
12196
4531
56236
36083
20606
5233
14274
32959
2325
254
1233
29114
8705
625
2150
8
1695
0
41
355
4
3912
261
2054
60
9
25971
111
2069
3
740
2780
18850
10072
69572
3334
126
25053
9794
749
28520
45317
31988
184
3512
3693
66755
77
287
1866
116
1082
569
46
3
35
980
11
2794
2560
25356
230
14674
269
1692
102
1452
117
0
62681
3
9014
715
8
356
3625
3573
4911
1459
865
6642
33346
5600
5824
22638
516
1350
12288
7793
4589
535
11767
1293
62896
3416
7828
299
1759
5000
2143
1741
31565
1498
783
111
1464
18554
9311
2215
72437
34
0
5021
1185
2048
1367
38668
3706
1455
240
17398
23017
29
38
10460
124
13697
6111
40042
127
21048
226
1230
1208
15564
0
54
1027
32225
1213
126
47
2
1713
1324
950
35
21
2978
5565
53081
451
2137
324
7239
241
10
56073
664
306
4270
1727
3722
185
148
9638
2978
17649
465
2906
11125
47109
7429
5952
72
725
51
6927
17
7058
4485
581
34850
467
0
11129
1314
11756
28919
3973
7
34117
401
360
18
1310
17011
2672
104
2420
89
1675
12
1532
7
13433
63
1
89883
3
16694
120
3
422
7279
33935
18117
75
24
488
3417
38206
1450
76
3329
2
839
341
20519
40
624
39455
13051
910
25942
911
7258
2327
6
13693
1024
183
1808
23080
59959
0
1
40081
3
1017
29744
8
9041
2070
3039
338
28
20631
5721
373
90
195
209
3
6135
1681
1526
103875
6537
4864
15
519
5420
8553
87
29014
27
67
26
1052
70
89
73740
7390
13028
93653
272
247
134
1089
9243
2160
86
2519
13636
2125
789
13867
1032
49
75
40
181
13661
11014
1274
16
18055
529
346
160
82
2192
1231
153
94
712
332
58726
3097
2672
1074
303
18411
640
170
347
598
13519
64945
748
26496
255
2857
1063
17730
1
26503
4588
659
80
13
2145
7227
3729
45641
14591
16
1483
1062
1287
55
56915
24696
1
14211
215
336
576
166
17772
6419
631
62
361
30
52138
53851
453
10847
64
214
5304
15524
774
38167
19508
1738
1334
864
3718
7148
28773
6
9610
190
668
479
26651
4159
218
181
3
2897
484
3
15235
9320
19696
109
19
12236
0
2551
7525
235
4211
58638
15855
207
568
276
1470
3120
35
5
23921
1782
15822
36858
11860
372
72126
920
6038
10527
1960
1
67
0
20357
79
25811
49450
1540
33125
12090
1
2224
1540
11880
1821
21437
28
330
774
2062
3585
417
100
340
2408
1436
9031
1521
174
230
5
81
4854
5531
68428
6969
2671
49768
40938
131
20026
1299
29
5535
116
0
13905
18283
1377
92
56
4726
1
40554
36964
35723
30662
19218
76072
559
370
52144
10208
3240
2161
2620
13129
3928
2973
23728
61062
254
8534
42
41661
332
953
15
8
4999
1754
1581
2185
7
23087
13283
29327
25463
904
24137
80
22478
77192
728
97566
3783
5806
584
40
1867
18
162
72956
332
49
8081
9644
59725
21375
8946
54
13
376
5976
5259
4788
34793
1
69432
11013
297
29115
1583
36371
15678
254
1922
505
1275
25406
1540
26327
31
3760
8957
8045
239
1
2398
21726
3940
8231
17767
24
11272
31
567
912
15470
4093
760
2911
1636
150
2557
667
388
45044
1423
846
8441
1006
538
195
30
280
19104
1004
3
3982
66058
3
23
2304
24741
4364
63
41407
36938
48
13165
15
159
26
7945
18
1638
111
10334
19
23389
19
83
7579
1643
6375
709
2363
406
38336
1812
7361
7129
3747
3374
1145
1957
12
22681
10295
5572
0
70
3293
1400
6746
1726
1284
157
23061
2321
1727
334
1660
15350
1492
1307
312
18604
1780
2143
5922
6525
43546
3
5840
68
4558
4671
7760
18
26351
10858
56
1365
7161
47
164
167
464
106
7
4752
15375
199
50588
4795
340
449
0
1123
4465
2001
7391
582
65859
309
1508
423
6788
499
49
6734
1616
47395
1408
569
23925
383
12
5036
974
15200
2247
37940
509
4
35236
1036
16
7593
11311
10506
719
38470
5314
46
6
6225
12852
5245
8529
3
2204
2455
66
91
2440
225
12131
5031
183
196
2
496
15635
1389
885
2
782
89
155
1484
84
34258
455
27
6106
8805
4
76
2414
3724
268
32
2545
1290
32721
160
17815
119442
401
57653
19
71143
4710
3984
244
2428
32695
5892
175
181
228
5199
5950
1779
17963
668
87572
9
143
9111
1315
2
2354
1196
5948
10
1359
81
8160
947
397
0
16867
3
15561
443
174
5944
25333
15347
348
49
21895
1427
28648
20138
4
28799
46765
10282
12533
16
14485
12435
4796
562
154
3009
22515
105
2744
28335
1245
789
73198
188
757
16173
10223
9513
41441
210
11990
20649
16356
585
402
26293
10460
0
3822
42
170
20211
53
33025
986
75267
45796
27406
1489
2223
112
285
40023
7119
621
0
1046
3571
14993
79
12664
5
758
221
27936
1054
37
85779
412
31659
37
966
328
892
18797
1211
11097
30408
35741
13932
36548
5428
325
65389
11
10334
215
10
41
6074
1358
19595
149
67797
205
8682
1163
58
110
41474
26269
32864
82
5983
3309
143
69336
86
8871
479
3522
19251
31299
2989
5819
3444
6019
2
41000
1274
738
4141
1949
3730
53114
3285
51
11167
132
22521
673
20855
7576
22500
11177
29750
318
14265
768
4048
1237
53639
2400
3036
1718
331
5284
5008
0
1207
317
203
8180
18476
775
128
6
1253
9255
3059
2427
364
61
22688
3997
23035
4432
370
754
4709
328
20386
1
29246
3
7129
17188
3901
6
3
26679
2187
7670
437
27
996
91
62940
1304
1035
13870
451
103
527
3741
4284
637
263
16915
1
29
2
3
9227
4695
2998
906
6272
26241
12343
3597
23
41
6365
10526
1707
1105
2
5048
5623
10068
57
190
84
7652
56
21920
55
53735
540
310
37543
494
6108
3946
94
101
12
968
5828
892
158
30
4425
2255
83468
22037
32
12938
1013
6444
5443
6015
1288
166
3075
46
692
18
7
15611
149
2
226
45
5156
217
2188
11644
4277
6969
2790
8
19263
26468
4239
12
5459
4319
31315
467
30008
6181
235
576
3
2
32
2197
198
2424
2293
156
172
1113
7984
12
1641
1513
436
4305
3269
4808
523
619
8122
23
531
5900
29158
9995
4242
928
995
29979
14688
1427
15275
5863
27933
35982
50120
17671
115
19327
22216
1126
296
207
698
16157
36709
3864
5027
160
530
3341
9251
1849
23
12860
27597
1700
5171
8750
22615
5966
71
562
243
22009
6749
2249
1591
54667
5159
37
209
33786
4368
5
4905
344
759
9107
889
9038
4877
17408
2647
1257
12910
209
6516
64
20620
15269
6142
86
77408
14
160
3653
11694
1
106
4153
4
34476
8
9130
49641
23063
4
7343
2951
261
24101
7111
292
27
12498
1677
4
20677
9
181
10362
2759
966
49235
3
47
1598
11
50
49
829
25
12657
10384
490
376
58
459
17053
1076
6670
6
598
11180
4
444
1116
8654
5020
8279
1695
1522
28362
172
11637
381
40
5632
15901
2643
9746
26946
4226
236
293
206
1108
745
11874
4471
169
691
689
295
21011
2375
10802
15
144
20
154
9710
11299
5370
8063
2
0
9940
0
3893
0
5
4140
447
80063
92641
13355
253
33249
3433
24
1
6
215
3318
11427
6369
11751
16884
2159
3559
173
93
129
1618
123
35241
477
2008
25627
536
365
3943
12
52640
10592
35580
34912
37995
106
9
1161
9196
1236
2111
2799
2635
10391
7007
4497
7727
1960
7699
1193
1724
1387
5134
15347
12486
3924
60
27
3182
1350
3095
38
10423
6651
1594
25417
8047
2709
67754
403
184
2
459
5155
7970
1934
9795
206
48
20850
15994
56342
5
575
15644
1
116
5538
45565
3425
4503
94
24105
17915
20467
488
798
5091
8137
43
1907
2270
2854
6463
2598
26543
30794
1219
5886
167
287
1024
780
3316
51480
1906
51052
914
151
1413
2
217
10213
3203
25
11491
2733
35
21
2092
34
899
1689
2
68
7762
59
963
122
31432
4099
8
26334
670
907
154
7225
2
25407
597
5741
450
10550
54230
2240
7290
140
787
2528
44434
91
516
10447
81380
97
44501
6447
3
5609
7136
973
2245
467
9620
9004
17
30
259
4980
38
4286
7303
10141
36634
2
14273
859
22470
587
128
2827
652
6924
3197
22002
1414
2303
1345
5091
30533
64469
791
67
424
3444
633
950
2437
2
22879
1362
2163
34
18526
2456
817
5
217
45205
5629
28489
25
33
5298
1928
381
20968
126
4
2339
31
2257
65088
34
926
1952
809
13391
15951
1
580
46793
1227
2844
3390
91
9289
8339
10
12480
3154
1
15129
607
108
924
4495
64
20213
372
15321
6593
3
2931
1012
20408
13549
91463
3287
3188
47688
1150
32431
36735
64
78
2760
16249
2304
33943
80
2297
79074
1504
56
4261
1090
57320
449
47853
5033
261
2009
1077
52
12211
116
5
15717
38111
7333
3275
11345
2484
1250
120
61
2656
1367
3930
7466
10511
6704
133
747
70
7
43
65
2875
6532
531
25275
70
475
110
36278
2
21802
1331
19049
983
3741
29
90
4820
36
898
3455
13
30140
2800
2011
9
6408
29524
17076
332
3
5000
1
10
12873
13096
31
28074
30174
167
136
4671
1199
1247
1675
5090
11
217
7107
1666
12143
48584
522
83
1985
34989
11160
4123
793
69337
608
1071
6302
6865
14008
58966
606
3245
90
1
324
541
174
11788
15
211
305
8284
45
6622
30
2335
12
20
43785
24095
15
98
1584
17
18838
49443
33390
148
126
39697
44225
424
24735
3242
191
144
17715
360
2263
3717
31004
22
14777
8615
969
4
4839
9520
25089
28069
25921
2672
188
173
7128
250
5
2793
1613
1204
2420
1391
49275
2
16762
1557
5
288
2125
642
16913
2317
520
10163
9363
15639
53370
30
2235
134
4112
6915
364
7001
52569
4029
96842
25528
679
21
11865
137
435
5150
15080
4
619
648
50523
22516
12865
9027
379
113
2288
45
61
18097
1168
693
1899
2285
2672
5
908
5789
1397
4944
5562
1240
3634
10
547
127
371
781
34978
32093
290
12980
376
566
16722
3
0
9455
555
76766
1824
736
10920
430
1427
219
52280
36
1027
1491
750
1997
7939
24126
3
9252
2455
59
453
2
4847
51373
6367
24588
762
411
555
167
1351
46793
4438
1
872
303
771
4020
14300
943
1
6448
11656
368
5537
3600
13228
2301
341
671
698
0
3340
76585
3465
2982
118620
22352
18
1
3269
3421
9755
3
1456
421
29109
360
866
9782
9757
235
1
1350
90
11268
120
3447
109
3438
194
23710
3115
2587
4997
61
425
22022
18
2152
9
2020
7402
4450
9832
722
1996
5866
23064
52
16308
8258
25
85450
3194
170
19184
173
7248
213
7
63
1475
4
16587
4391
288
784
10167
10
1441
7721
6229
57059
92
12
69
0
27545
3264
4
8734
124
16311
15060
10
58
1020
1887
1779
97
33571
0
7337
3232
808
65
19289
5
7621
3849
15798
25575
619
910
12433
25550
12
26898
2
6145
520
224
3336
10913
3441
46
11
15268
1382
11465
846
1
552
33144
3390
1827
10862
15
1879
410
46482
97278
4588
95
17228
271
579
780
1679
1207
52469
28997
35
202
47469
21896
3626
2716
3588
9820
400
250
857
11484
1
20
227
2683
12505
1438
271
724
996
1668
205
40341
2678
3378
72
18347
28
45
604
787
4744
91648
146
33047
1018
14516
178
1108
2
23
9401
55
7
71
48923
341
10361
76
26645
175
59
1403
1931
91010
3282
7201
26941
70
1281
1006
4925
74989
18022
264
9343
280
1436
39
6121
970
657
22218
5888
4531
219
14726
123
1408
2570
86
1
612
2372
3204
9201
3
16657
3
1291
7280
334
9354
8716
5
830
5484
535
20540
508
27202
209
19422
16757
6561
1817
4494
1774
48
23835
37656
3254
480
2999
10806
2489
59195
40
521
72
126
3122
66598
4596
108
38680
46
466
1276
18951
72873
10703
587
26163
2
2106
2085
15617
5331
1146
7682
1971
1846
5
25
9304
33633
544
159
11
2961
48602
5870
9258
63773
1339
4
2455
4368
22349
1
2165
1845
10535
1524
15040
626
955
22575
1654
3385
2654
2399
328
103370
252
852
11797
38440
201
1909
6013
220
10323
2157
70330
6968
2218
5838
8047
9310
984
1954
4765
14419
18513
3537
50618
267
461
85608
41
332
3455
10539
600
1018
83
8937
8275
353
601
21153
39679
26
1782
14098
686
659
46684
1141
2697
11643
2104
237
2061
14048
125
265
303
3
2596
18117
45201
88
22679
6543
17525
1238
14529
7982
41414
1355
6013
8139
34382
4828
948
4529
52619
137
36414
50238
9599
45912
4303
1
9667
9833
10791
48
5910
11087
2431
32534
9
38248
195
4175
58276
1673
32358
1103
3379
1541
3590
158
311
12
69
130
65
455
70484
50655
29
259
15
12381
347
15317
5138
24
17
30
222
355
15695
376
3898
72416
20177
12914
132
1646
23
1679
100
8208
2181
38620
737
82
47310
11983
3824
119
767
14214
13213
1708
787
435
868
129
31
1
81
74169
26181
524
267
1361
26865
77884
1
203
34300
25616
708
293
3727
9924
789
9029
13370
14550
6463
4915
4311
2077
2450
6028
3165
1581
188
56234
1210
1918
23522
83
12500
10
853
28194
2416
2674
68041
13412
130
1009
13382
3488
15
181
1202
28
39
7864
98
113
123
8716
6411
1769
3380
112
1871
445
52787
2828
0
8837
122
24989
9979
47587
172
1
866
1996
1976
2725
77862
272
20945
13107
1100
183
123
5797
82
46
3762
8948
445
4
9307
1121
6851
1392
13
2146
427
1876
10211
756
6238
593
2224
7
2352
3433
47
8559
146
39716
1559
280
2479
41924
9249
15680
24512
530
199
24149
3191
366
1096
406
12012
33776
684
8280
137
7662
121
225
56
17077
8366
2
8
6742
33164
2498
32505
13945
11589
15961
40298
1349
12
7362
2141
102
1353
41532
1
2083
343
16
1086
2
3975
27257
3635
28
13
360
1702
3973
441
8875
402
5976
12575
1
56859
60
329
15284
211
372
8460
31143
26679
212
18537
1226
791
18459
1781
5203
21047
290
55263
315
10785
77392
1169
19
54390
1324
145
1291
16290
462
8123
319
1604
29833
0
5348
91
3731
11521
47
4327
143
19647
540
134
29106
2
5619
1817
23049
138
161
752
40223
255
380
10787
2456
44
6056
41886
1002
12517
4
4439
3876
42
48
984
4707
39
60481
4083
3043
41
60645
3298
39882
1400
26
31190
378
69695
4
3713
7
4177
6417
27425
319
2968
9
2503
404
79303
4
2332
1210
26824
1741
7
264
666
22963
7751
0
996
26731
12142
1898
3938
22495
291
362
51
17679
2637
54272
110
3998
15825
715
19891
458
27125
6
874
2443
2247
4536
1749
5577
12492
15424
19
10254
86
10
2184
206
630
30
1231
38195
4987
4
3823
36169
20411
156
2003
575
844
13738
20028
28
68794
9
4126
30
1187
42
330
6
47
838
7432
9615
285
19320
34018
4332
1112
12969
3533
25963
10320
2821
2302
948
13193
8795
34535
118861
213
2433
12542
411
352
4
1519
38610
23
225
18281
3
20109
5418
40322
246
3069
12689
4
372
284
135
1556
4230
23892
4939
40
2
3
168
531
18139
30
851
4
216
20858
759
98
1370
6486
12760
4068
0
2213
74956
95
5379
4943
64
280
985
8505
2987
97191
170
82608
50058
11
525
69
1699
364
15552
151
283
3625
1631
27
1000
2827
3
38500
3121
15
223
3148
5678
1109
3
8
42
1362
24342
2336
33
9849
60292
5436
1786
8
3
125962
112
7
95
2074
12318
1018
28748
11
2262
6642
8759
173
5
4168
6279
12
2113
15122
7
19
6097
8
4
3799
1208
1763
366
451
39
141
13211
156
1138
2
154
17216
53409
39445
2955
15879
43
1103
9250
106
22073
2
673
40422
4
2989
74660
7
37394
3
1385
6254
256
432
23057
2482
4493
36441
16
687
49220
171
1980
5684
0
16042
47
12
4
16852
83311
2387
3571
45943
5609
1148
4783
1858
43379
1573
108
2198
21544
61252
7852
1128
1430
12
53285
0
3375
23149
11889
21
22029
6800
585
3402
643
7371
56
2976
394
16939
25263
6055
61626
20397
172
32028
26214
5605
7299
9542
8368
9676
18630
34
1162
31508
29
195
2102
4934
14886
15612
3371
3070
688
13
20322
55300
475
18021
30415
284
2034
1219
109
29560
3096
31
1216
461
2836
4830
911
14316
85
8
13358
32084
32362
336
62672
27972
19787
646
2561
317
40527
20796
16
40
1036
303
1256
48853
9745
5572
120
71371
677
85
42244
780
239
5584
73
1248
1207
93
11527
1618
432
186
25
67281
8
47703
682
22176
268
4561
25664
8
1547
11067
3570
37
12662
645
1961
25374
4057
17433
11961
3461
49358
249
179
1535
3868
2070
32241
3
97626
8345
451
140
2627
1866
14467
12857
12
14674
199
1590
10375
428
39901
709
15031
1
64497
35652
4162
14455
17578
11784
3691
2888
434
12740
146
9
30125
13757
1055
6149
1117
28
14090
262
47470
2322
3645
380
554
934
3827
691
166
4824
293
3150
3421
8385
535
12234
45
5375
246
182
5858
33089
594
211
1
86095
73696
255
39471
113
11799
16
20606
26274
5694
139
140
7775
801
145
188
79303
18834
16912
17
10472
14749
928
1983
20
43823
113
175
1
23376
9539
2082
11070
82556
2888
848
14653
9354
6197
9978
403
22531
4382
71
2712
1618
1089
44063
141
57187
4151
4382
1227
288
795
10577
1900
21729
54
2129
5131
97544
244
37
152
9707
3531
1243
13238
15178
406
88
11397
2088
35973
77301
10222
37
2782
7405
96
1705
4
5918
3579
4
22
3
15493
10724
1958
1315
323
14326
1989
5593
29487
31736
41
289
11985
5961
71595
7772
3066
8
60142
7798
14
7498
7201
559
2600
33041
2009
1059
11
260
1017
368
3
1319
12681
146
226
1431
22681
16037
2243
75
5459
28
688
59521
2316
18366
292
25655
252
12924
12255
103
36370
5287
40
2939
161
1
20
3122
32641
17145
8570
51075
4228
336
5262
97
7896
643
405
302
76
16601
5603
10
2527
1105
45149
24466
474
8
75314
29227
40338
2956
45955
4426
18490
9762
229
29594
1433
17643
78
1353
610
313
10
23
42107
2945
234
12756
14340
59236
16511
624
42170
8492
311
3608
6630
12
613
10388
14699
791
3512
7297
96605
3
16
2
76361
9683
46519
672
14326
58513
4326
2914
7412
1415
57883
593
70117
497
1284
4
26
5
655
1
3876
8501
4
131
72
33025
9
342
1434
868
11564
5620
5244
23
19807
16922
17
1536
2278
1810
5073
25633
15794
11109
17599
387
42920
938
1351
2381
2901
2
2380
9728
191
373
1483
121
10490
75902
94
5
6522
86
73
4299
56
12929
42
57352
36
1354
623
16324
6025
871
9071
52658
1563
1
381
10016
1225
5339
12451
7019
1513
5807
18262
843
13538
12093
845
11767
2880
46491
2511
30008
778
104
607
551
3
729
18256
6171
2142
244
840
13529
49949
90665
3214
648
31
953
15016
232
1082
171
1341
30185
26
45788
42
1
60
182
9806
18635
30800
12
7455
170
15678
12850
9161
1427
517
32
32051
7
95
601
4937
694
16060
7428
2722
6706
228
3
2554
30215
4962
31921
3361
10299
2143
6
2033
9528
6103
88386
1322
247
99878
495
105373
22361
12072
2702
15798
50315
4
1
55578
14460
141
6
3
24181
26693
922
1110
29773
1776
36
571
2213
7890
7261
2554
5332
5388
83
72088
41451
2260
60954
21
96
343
1166
318
135
6167
7080
1
5130
33855
25899
9273
22558
2408
1436
635
413
2
33024
8306
48
45
193
112
235
274
66864
227
2810
12760
8720
12
20
114795
12923
749
2335
59
346
422
46315
787
41875
3
298
2768
7505
31259
486
0
14133
19557
76
376
1222
1780
1203
4429
4335
1217
12776
41667
89
15275
7565
18562
9486
47887
77704
1842
3341
546
1
9
29855
1700
2137
78
2045
3643
1325
6137
320
7969
14
19
26817
22165
12
3417
410
0
114
0
17827
4301
961
4874
6917
1942
67072
14024
25542
0
31
5747
30
35150
23429
1878
11550
18876
9356
10183
339
207
39824
913
7482
24304
108768
7563
1203
1801
24861
4878
6959
17476
19
3566
3184
3393
921
87
1991
54800
18876
7633
20995
1154
715
6205
935
142
1
2
14
17832
17855
21783
456
36
8482
2651
2976
12783
3021
72105
99
2895
2604
3185
2721
2201
4238
12
1491
1598
2
7352
33038
3597
19
5
2650
318
643
10943
7
1480
17
27624
34561
9116
2816
3222
1233
106
20
115
3379
12713
27244
16
1
7690
16227
1105
12227
1138
23
15513
1441
1850
7854
40988
2978
62261
13122
31683
11108
10528
1964
1847
19655
261
1127
3155
8
336
1785
336
481
29378
340
1384
6857
26
6902
16366
3421
23043
653
6096
4464
643
5655
17192
32002
335
152
698
2336
1290
34
18900
6860
2668
2226
2223
1370
493
925
13
3100
45198
7954
17262
1029
1035
496
6388
103
8052
98
18
144
6
3901
68
17410
305
0
224
4318
50835
8292
514
710
58
9986
22
31007
48984
0
442
199
166
354
25
1100
765
12630
1033
674
10437
64642
8
1058
38
13098
5333
1606
331
182
2
9693
9982
25
16705
50183
265
2
13199
201
971
471
459
49355
42
209
302
73
1583
14
182
50101
17483
1520
2877
1021
1131
36911
73266
6458
637
93928
53520
420
23423
371
8625
17110
3962
173
23
282
2324
21166
1705
4154
138
1264
11571
323
4
278
47717
1289
85
9739
42169
600
17586
2355
2271
410
2084
1380
13526
42
367
4134
9456
48447
5110
31469
4782
466
76
20524
437
2804
26
3
7554
7134
5935
346
4727
40
48
340
8363
2010
28522
2096
2480
432
9217
63368
49
5161
25753
9811
283
273
461
9
5577
24828
10181
2750
15162
39412
21
10621
2391
847
774
330
684
123
25961
31
2
4368
795
554
26
10
911
64
143
2919
2594
483
33839
1810
45
2586
16940
12058
5280
2507
9199
6108
64
185
840
5753
2062
8
70
2
12389
34711
31
201
21
25587
5524
5291
3609
1174
10405
11015
1127
13234
16091
12
16889
3972
5122
1
2036
566
29
13985
1181
42
38593
22820
34729
2530
3
114
1161
19765
524
71
1651
3495
1983
636
202
5774
4
20550
30
5
61
10
2002
2401
3201
2561
21182
2749
88
8932
279
43158
20741
1901
11059
9503
9755
3722
24701
6
2250
13600
113
19073
10682
10891
12
61
867
10924
505
68149
21260
8
48
1601
245
12681
1
83723
36113
33
5
546
4818
677
534
2
29354
194
840
9
52
294
195
7
8059
220
7493
7311
11517
1145
3065
7374
135
1000
30
1356
3687
134
3202
1
1618
1
9899
1
497
11994
107
163
32157
97
43596
5976
371
3612
1849
157
0
20420
114
26
1432
3580
42
22310
1098
855
1082
25569
52149
5085
276
1341
4337
23957
5093
4561
9021
69
882
12890
42564
1076
8
4
591
51097
23436
118
11870
9
20979
27760
25653
5
187
119
1614
1347
4760
21900
13243
1
4188
7310
1875
5742
876
14012
61
254
1255
706
224
2039
21558
770
8
6388
15271
550
31119
1819
120
5771
2616
2073
354
46049
31799
6485
4948
12552
5344
234
811
2428
3384
4453
188
37080
9803
19511
40150
2302
49507
258
22
15855
52604
99
2315
4515
10361
4469
100
3857
144
22893
142
6264
12478
386
28988
3494
597
1704
160
30576
2734
5751
11509
1427
2057
3842
9900
23452
475
11
22420
1188
1015
1626
17401
39124
78
4115
8658
488
3212
46039
2520
2724
59109
35765
479
1077
5
44545
2653
31618
5379
874
51
164
4437
6050
1735
22501
3694
39
643
74056
236
3
7452
39545
4375
33367
5923
8689
6087
1166
88
375
1817
4059
9377
463
17515
7963
392
63
7
23
84126
60565
1320
21061
9892
1112
10829
351
325
24296
9554
7192
39097
476
18546
222
51551
7493
1120
5876
23562
1319
1
7325
193
45
2508
5133
4027
58
5058
19
24683
26
108
4519
1668
914
1555
3563
71195
7141
4717
5795
728
34016
11346
37
1882
232
1984
57169
610
638
1
39
2117
730
7139
8020
1047
137
16855
16480
17
3
7
1587
864
1424
4440
10065
2234
16527
907
767
2001
23854
1147
670
65
21556
1905
842
1
1405
10378
2259
89
38
987
40
50
24590
268
3113
5
93
71123
6853
30
2366
8523
43701
1001
1629
2569
23103
1
2238
39
511
1182
2407
2141
833
212
10174
10937
13
4955
1056
18774
2610
4604
18
2776
2969
29952
59
282
8467
44643
609
610
386
400
186
788
84
1944
501
3
2486
4178
2439
1657
59635
36192
1639
47
109
3119
23
1123
1412
48
159
3091
21890
3803
49557
148
11386
23284
15227
60344
20185
62
11408
525
3534
64602
14949
623
80350
1468
851
6935
30
4327
3928
16732
8259
11
215
2376
9660
400
38844
15306
139
0
61
1849
9
1007
1
1217
277
7570
14329
31448
54
4
65815
10897
30516
71756
2943
8994
1996
376
2718
80710
388
5903
87
11475
1770
2
26566
855
105210
1598
318
606
1472
4670
2683
54503
2148
272
39
4035
1707
8667
374
894
1259
32
14862
13484
0
4726
13
68879
14548
1173
983
85439
725
4
539
5843
459
4074
63293
50755
138
2403
7536
1197
0
34913
0
47578
13568
79
1
3138
59629
63
43728
36271
74127
71536
3740
48
996
1196
86
1486
54
40036
13
5951
112250
2067
7296
12951
38315
17289
2325
